1.83	0	1	26.07	-0.02
1.93	0	1	26.11	0.00
2.03	0	1	26.07	-0.02
2.13	0	1	26.07	-0.03
2.23	0	1	26.07	-0.03
2.33	0	1	26.07	-0.03
2.43	0	1	26.07	0.00
2.53	0	1	26.11	0.00
2.62	0	1	26.07	0.00
2.72	0	1	26.11	0.00
2.82	0	1	26.07	0.00
2.92	0	1	26.11	0.00
3.02	0	1	26.07	0.00
3.12	0	1	26.11	0.03
3.22	0	1	26.11	0.03
3.32	0	1	26.11	0.03
3.42	0	1	26.11	0.03
3.51	0	1	26.11	0.00
3.61	0	1	26.11	0.03
3.71	0	1	26.07	-0.03
3.81	0	1	26.07	0.00
3.91	0	1	26.07	-0.03
4.01	0	1	26.11	0.03
4.11	0	1	26.11	0.00
4.21	0	1	26.11	0.00
4.30	0	1	26.11	0.00
4.40	0	1	26.07	-0.03
4.50	0	1	26.11	0.00
4.60	0	1	26.11	0.00
4.70	0	1	26.11	0.03
4.80	0	1	26.11	0.03
4.90	0	1	26.11	0.03
5.00	0	1	26.11	0.00
5.10	0	1	26.11	0.00
5.20	0	1	26.11	0.00
5.29	0	1	26.11	0.00
5.39	0	1	26.11	0.03
5.49	0	1	26.11	0.00
5.59	0	1	26.07	-0.03
5.69	0	1	26.11	0.00
5.79	0	1	26.11	0.00
5.89	0	1	26.11	0.00
5.99	0	1	26.11	0.00
6.09	0	1	26.11	0.00
6.18	0	1	26.11	0.00
6.28	0	1	26.11	0.00
6.38	0	1	26.11	0.00
6.48	0	1	26.11	0.00
6.58	0	1	26.11	0.03
6.68	0	1	26.11	0.00
6.78	0	1	26.11	0.00
6.88	0	1	26.07	-0.03
6.98	0	1	26.11	0.00
7.07	0	1	26.11	0.00
7.17	0	1	26.11	0.00
7.27	0	1	26.11	0.00
7.37	0	1	26.11	0.00
7.47	0	1	26.11	0.00
7.57	0	1	26.11	0.00
7.67	0	1	26.14	0.03
7.77	0	1	26.11	0.00
7.86	0	1	26.14	0.07
7.96	0	1	26.11	0.00
8.06	0	1	26.11	0.00
8.16	0	1	26.11	0.00
8.26	0	1	26.11	0.00
8.36	0	1	26.11	0.00
8.46	0	1	26.11	0.00
8.56	0	1	26.11	0.00
8.65	0	1	26.14	0.00
8.76	0	1	26.14	0.03
8.85	0	1	26.11	-0.03
8.95	0	1	26.11	0.00
9.05	0	1	26.11	0.00
9.15	0	1	26.11	0.00
9.25	0	1	26.11	0.00
9.35	0	1	26.11	0.00
9.45	0	1	26.11	0.00
9.55	0	1	26.11	0.00
9.65	0	1	26.14	0.00
9.74	0	1	26.11	-0.03
9.84	0	1	26.11	0.00
9.94	0	1	26.11	0.00
10.04	0	1	26.11	0.00
10.14	0	1	26.14	0.03
10.24	1	1	26.11	0.00
10.34	1	1	26.11	0.00
10.44	1	1	26.11	0.00
10.53	1	1	26.11	0.00
10.63	1	1	26.14	0.00
10.73	1	1	26.11	0.00
10.83	1	1	26.11	0.00
10.93	1	1	26.11	0.00
11.03	1	1	26.11	0.00
11.13	1	1	26.11	-0.03
11.23	1	1	26.14	0.03
11.33	1	1	26.11	0.00
11.43	1	1	26.14	0.03
11.52	1	1	26.14	0.03
11.62	1	1	26.14	0.00
11.72	1	1	26.14	0.03
11.82	1	1	26.11	0.00
11.92	1	1	26.14	0.03
12.02	1	1	26.14	0.03
12.12	1	1	26.14	0.03
12.22	1	1	26.11	-0.03
12.32	1	1	26.14	0.03
12.42	1	1	26.11	-0.03
12.51	1	1	26.14	0.00
12.61	1	1	26.11	-0.03
12.71	1	1	26.14	0.00
12.81	1	1	26.14	0.03
12.91	1	1	26.14	0.00
13.01	1	1	26.14	0.00
13.11	1	1	26.14	0.00
13.21	1	1	26.14	0.03
13.31	1	1	26.17	0.03
13.40	1	1	26.11	0.00
13.50	1	1	26.14	0.00
13.60	1	1	26.14	0.03
13.70	1	1	26.14	0.00
13.80	1	1	26.14	0.00
13.90	1	1	26.14	0.00
14.00	1	1	26.14	0.00
14.10	1	1	26.14	0.00
14.20	1	1	26.14	0.00
14.30	1	1	26.14	-0.03
14.39	1	1	26.14	0.03
14.49	1	1	26.14	0.00
14.59	1	1	26.14	0.00
14.69	1	1	26.14	0.00
14.79	1	1	26.17	0.03
14.89	1	1	26.14	0.00
14.99	1	1	26.17	0.03
15.09	1	1	26.17	0.03
15.19	1	1	26.11	-0.03
15.28	1	1	26.14	0.00
15.38	1	1	26.17	0.03
15.48	1	1	26.17	0.03
15.58	1	1	26.17	0.03
15.68	1	1	26.14	0.00
15.78	1	1	26.14	-0.03
15.88	1	1	26.14	0.00
15.98	1	1	26.14	-0.03
16.08	1	1	26.17	0.00
16.17	1	1	26.14	0.03
16.27	1	1	26.14	0.00
16.37	1	1	26.14	-0.03
16.47	1	1	26.14	-0.03
16.57	1	1	26.14	-0.03
16.67	1	1	26.17	0.03
16.77	1	1	26.14	0.00
16.87	1	1	26.14	0.00
16.97	1	1	26.17	0.03
17.07	1	1	26.14	-0.03
17.17	1	1	26.17	0.03
17.26	1	1	26.17	0.03
17.36	1	1	26.17	0.03
17.46	1	1	26.17	0.03
17.56	1	1	26.14	0.00
17.66	1	1	26.17	0.00
17.76	1	1	26.17	0.03
17.86	1	1	26.17	0.03
17.96	1	1	26.17	0.00
18.05	1	1	26.17	0.03
18.15	1	1	26.14	-0.03
18.25	1	1	26.17	0.00
18.35	1	1	26.17	0.00
18.45	1	1	26.17	0.00
18.55	1	1	26.17	0.03
18.65	1	1	26.14	-0.03
18.75	1	1	26.17	0.00
18.85	1	1	26.17	0.00
18.95	1	1	26.17	0.00
19.04	1	1	26.17	0.00
19.14	1	1	26.14	0.00
19.24	1	1	26.21	0.03
19.34	1	1	26.17	0.00
19.44	1	1	26.17	0.00
19.54	1	1	26.17	0.00
19.64	1	1	26.17	0.03
19.74	1	1	26.21	0.03
19.84	1	1	26.21	0.03
19.93	1	1	26.21	0.03
20.03	1	1	26.21	0.03
20.13	1	1	26.17	0.03
20.23	1	1	26.17	-0.03
20.33	1	1	26.17	0.00
20.43	1	1	26.17	0.00
20.53	1	1	26.17	0.00
20.63	1	1	26.17	0.00
20.73	1	1	26.17	-0.03
20.83	1	1	26.17	-0.03
20.92	1	1	26.17	-0.03
21.02	1	1	26.17	-0.03
21.12	1	1	26.21	0.03
21.22	1	1	26.17	0.00
21.32	1	1	26.21	0.03
21.42	1	1	26.21	0.03
21.52	1	1	26.21	0.03
21.62	1	1	26.24	0.07
21.72	1	1	26.21	0.03
21.81	1	1	26.21	0.03
21.91	1	1	26.24	0.07
22.01	1	1	26.21	0.03
22.11	1	1	26.21	0.00
22.21	1	1	26.24	0.07
22.31	1	1	26.21	0.00
22.41	1	1	26.21	0.00
22.51	1	1	26.24	0.03
22.61	1	1	26.24	0.00
22.71	1	1	26.24	0.03
22.80	1	1	26.21	0.00
22.90	1	1	26.24	0.00
23.00	1	1	26.21	0.00
23.10	1	1	26.28	0.07
23.20	1	1	26.24	0.00
23.30	1	1	26.24	0.03
23.40	1	1	26.24	0.03
23.50	1	1	26.24	0.00
23.60	1	1	26.24	0.00
23.69	1	1	26.24	0.00
23.79	1	1	26.24	0.03
23.89	1	1	26.28	0.03
23.99	1	1	26.31	0.10
24.09	1	1	26.28	0.00
24.19	1	1	26.28	0.03
24.29	1	1	26.28	0.03
24.39	1	1	26.28	0.03
24.49	1	1	26.28	0.03
24.59	1	1	26.31	0.07
24.68	1	1	26.28	0.03
24.78	1	1	26.28	0.03
24.88	1	1	26.31	0.03
24.98	1	1	26.31	0.00
25.08	1	1	26.31	0.03
25.18	1	1	26.31	0.03
25.28	1	1	26.31	0.03
25.38	1	1	26.31	0.03
25.48	1	1	26.31	0.03
25.57	1	1	26.31	0.00
25.67	1	1	26.34	0.07
25.77	1	1	26.31	0.03
25.87	1	1	26.34	0.03
25.97	1	1	26.34	0.03
26.07	1	1	26.34	0.03
26.17	1	1	26.34	0.03
26.27	1	1	26.38	0.07
26.37	1	1	26.34	0.03
26.47	1	1	26.34	0.03
26.56	1	1	26.38	0.07
26.67	1	1	26.38	0.03
26.76	1	1	26.41	0.10
26.86	1	1	26.38	0.03
26.96	1	1	26.41	0.07
27.06	1	1	26.41	0.07
27.16	1	1	26.41	0.07
27.26	1	1	26.41	0.03
27.36	1	1	26.41	0.07
27.46	1	1	26.44	0.10
27.55	1	1	26.41	0.03
27.65	1	1	26.44	0.07
27.75	1	1	26.44	0.03
27.85	1	1	26.44	0.07
27.95	1	1	26.44	0.03
28.05	1	1	26.44	0.03
28.15	1	1	26.48	0.07
28.25	1	1	26.48	0.07
28.35	1	1	26.48	0.07
28.44	1	1	26.48	0.03
28.54	1	1	26.48	0.07
28.64	1	1	26.51	0.07
28.74	1	1	26.51	0.07
28.84	1	1	26.51	0.07
28.94	1	1	26.55	0.10
29.04	1	1	26.51	0.07
29.14	1	1	26.55	0.07
29.24	1	1	26.55	0.07
29.34	1	1	26.51	0.03
29.43	1	1	26.55	0.07
29.53	1	1	26.55	0.07
29.63	1	1	26.58	0.07
29.73	1	1	26.58	0.07
29.83	1	1	26.58	0.07
29.93	1	1	26.58	0.03
30.03	1	1	26.61	0.10
30.13	1	1	26.61	0.07
30.23	1	1	26.61	0.07
30.33	1	1	26.65	0.14
30.42	1	1	26.61	0.07
30.52	1	1	26.65	0.10
30.62	1	1	26.65	0.07
30.72	1	1	26.68	0.10
30.82	1	1	26.68	0.10
30.92	1	1	26.72	0.14
31.02	1	1	26.72	0.10
31.12	1	1	26.68	0.07
31.22	1	1	26.72	0.10
31.32	1	1	26.72	0.07
31.42	1	1	26.72	0.10
31.51	1	1	26.75	0.10
31.61	1	1	26.75	0.10
31.71	1	1	26.78	0.10
31.81	1	1	26.78	0.10
31.91	1	1	26.78	0.07
32.01	1	1	26.82	0.10
32.11	1	1	26.82	0.14
32.21	1	1	26.82	0.10
32.31	1	1	26.82	0.10
32.40	1	1	26.85	0.14
32.50	1	1	26.88	0.14
32.60	1	1	26.88	0.14
32.70	1	1	26.88	0.10
32.80	1	1	26.92	0.14
32.90	1	1	26.92	0.14
33.00	1	1	26.95	0.14
33.10	1	1	26.95	0.14
33.20	1	1	26.95	0.14
33.29	1	1	26.95	0.14
33.39	1	1	26.99	0.14
33.49	1	1	26.99	0.10
33.59	1	1	27.02	0.14
33.69	1	1	27.05	0.17
33.79	1	1	27.02	0.10
33.89	1	1	27.05	0.14
33.99	1	1	27.09	0.14
34.09	1	1	27.09	0.14
34.19	1	1	27.12	0.17
34.29	1	1	27.12	0.17
34.38	1	1	27.12	0.14
34.48	1	1	27.16	0.17
34.58	1	1	27.16	0.14
34.68	1	1	27.19	0.14
34.78	1	1	27.19	0.17
34.88	1	1	27.19	0.14
34.98	1	1	27.22	0.14
35.08	1	1	27.22	0.14
35.18	1	1	27.26	0.14
35.27	1	1	27.26	0.14
35.37	1	1	27.26	0.14
35.47	1	1	27.29	0.14
35.57	1	1	27.33	0.17
35.67	1	1	27.29	0.10
35.77	1	1	27.36	0.17
35.87	1	1	27.36	0.17
35.97	1	1	27.36	0.14
36.07	1	1	27.36	0.14
36.17	1	1	27.39	0.14
36.27	1	1	27.43	0.17
36.36	1	1	27.43	0.17
36.46	1	1	27.43	0.14
36.56	1	1	27.43	0.10
36.66	1	1	27.49	0.21
36.76	1	1	27.46	0.10
36.86	1	1	27.49	0.14
36.96	1	1	27.53	0.17
37.06	1	1	27.53	0.17
37.15	1	1	27.56	0.17
37.25	1	1	27.56	0.14
37.35	1	1	27.56	0.14
37.45	1	1	27.60	0.17
37.55	1	1	27.60	0.17
37.65	1	1	27.63	0.14
37.75	1	1	27.63	0.17
37.85	1	1	27.66	0.17
37.95	1	1	27.70	0.17
38.04	1	1	27.70	0.17
38.15	1	1	27.70	0.14
38.24	1	1	27.73	0.17
38.34	1	1	27.73	0.17
38.44	1	1	27.77	0.17
38.54	1	1	27.80	0.21
38.64	1	1	27.80	0.17
38.74	1	1	27.83	0.21
38.84	1	1	27.83	0.17
38.94	1	1	27.83	0.14
39.04	1	1	27.87	0.17
39.13	1	1	27.90	0.21
39.23	1	1	27.90	0.17
39.33	1	1	27.93	0.21
39.43	1	1	27.93	0.17
39.53	1	1	27.93	0.14
39.63	1	1	28.00	0.21
39.73	1	1	27.97	0.14
39.83	1	1	28.00	0.17
39.93	1	1	28.04	0.21
40.03	1	1	28.07	0.21
40.12	1	1	28.07	0.17
40.22	1	1	28.10	0.21
40.32	1	1	28.14	0.21
40.42	1	1	28.10	0.17
40.52	1	1	28.10	0.17
40.62	1	1	28.14	0.14
40.72	1	1	28.17	0.21
40.82	1	1	28.17	0.17
40.92	1	1	28.24	0.21
41.02	1	1	28.24	0.17
41.11	1	1	28.27	0.21
41.21	1	1	28.27	0.17
41.31	1	1	28.31	0.17
41.41	1	1	28.31	0.21
41.51	1	1	28.34	0.24
41.61	1	1	28.34	0.21
41.71	1	1	28.37	0.21
41.81	1	1	28.41	0.24
41.91	1	1	28.41	0.17
42.01	1	1	28.44	0.21
42.10	1	1	28.44	0.17
42.20	1	1	28.48	0.21
42.30	1	1	28.48	0.17
42.40	1	1	28.51	0.21
42.50	1	1	28.54	0.21
42.60	1	1	28.54	0.21
42.70	1	1	28.58	0.21
42.80	1	1	28.61	0.21
42.90	1	1	28.65	0.24
42.99	1	1	28.65	0.21
43.09	1	1	28.68	0.24
43.19	1	1	28.71	0.24
43.29	1	1	28.71	0.24
43.39	1	1	28.75	0.24
43.49	1	1	28.78	0.24
43.59	1	1	28.81	0.27
43.69	1	1	28.81	0.24
43.79	1	1	28.85	0.24
43.88	1	1	28.88	0.24
43.98	1	1	28.88	0.24
44.08	1	1	28.92	0.24
44.18	1	1	28.92	0.21
44.28	1	1	28.95	0.24
44.38	1	1	28.98	0.24
44.48	1	1	29.02	0.24
44.58	1	1	29.05	0.24
44.68	1	1	29.05	0.24
44.78	1	1	29.09	0.24
44.87	1	1	29.12	0.24
44.97	1	1	29.12	0.24
45.07	1	1	29.15	0.24
45.17	1	1	29.19	0.27
45.27	1	1	29.19	0.24
45.37	1	1	29.22	0.24
45.47	1	1	29.26	0.24
45.57	1	1	29.26	0.21
45.67	1	1	29.32	0.27
45.77	1	1	29.32	0.24
45.87	1	1	29.36	0.24
45.96	1	1	29.39	0.27
46.06	1	1	29.42	0.27
46.16	1	1	29.42	0.24
46.26	1	1	29.46	0.27
46.36	1	1	29.49	0.27
46.46	1	1	29.53	0.27
46.56	1	1	29.53	0.27
46.66	1	1	29.59	0.27
46.76	1	1	29.59	0.27
46.86	1	1	29.63	0.27
46.95	1	1	29.63	0.24
47.05	1	1	29.66	0.24
47.15	1	1	29.70	0.27
47.25	1	1	29.73	0.27
47.35	1	1	29.80	0.31
47.45	1	1	29.80	0.27
47.55	1	1	29.83	0.31
47.65	1	1	29.83	0.24
47.75	1	1	29.90	0.31
47.84	1	1	29.90	0.27
47.94	1	1	29.93	0.31
48.04	1	1	29.97	0.31
48.14	1	1	30.00	0.31
48.24	1	1	30.00	0.27
48.34	1	1	30.03	0.24
48.44	1	1	30.07	0.27
48.54	1	1	30.10	0.27
48.63	1	1	30.14	0.31
48.74	1	1	30.14	0.24
48.83	1	1	30.20	0.31
48.93	1	1	30.20	0.27
49.03	1	1	30.27	0.31
49.13	1	1	30.27	0.27
49.23	1	1	30.31	0.31
49.33	1	1	30.34	0.31
49.43	1	1	30.34	0.27
49.53	1	1	30.41	0.31
49.63	1	1	30.41	0.27
49.72	1	1	30.44	0.31
49.82	1	1	30.47	0.27
49.92	1	1	30.51	0.31
50.02	1	1	30.54	0.27
50.12	1	1	30.58	0.31
50.22	1	1	30.61	0.31
50.32	1	1	30.61	0.27
50.42	1	1	30.64	0.31
50.52	1	1	30.68	0.27
50.62	1	1	30.75	0.34
50.71	1	1	30.75	0.31
50.81	1	1	30.78	0.31
50.91	1	1	30.81	0.31
51.01	1	1	30.85	0.31
51.11	1	1	30.85	0.27
51.21	1	1	30.88	0.27
51.31	1	1	30.95	0.34
51.41	1	1	30.95	0.31
51.51	1	1	30.98	0.31
51.61	1	1	31.02	0.27
51.70	1	1	31.05	0.31
51.80	1	1	31.12	0.34
51.90	1	1	31.15	0.34
52.00	1	1	31.15	0.31
52.10	1	1	31.19	0.34
52.20	1	1	31.22	0.34
52.30	1	1	31.25	0.31
52.40	1	1	31.29	0.34
52.50	1	1	31.32	0.34
52.59	1	1	31.39	0.38
52.69	1	1	31.42	0.38
52.79	1	1	31.46	0.34
52.89	1	1	31.46	0.31
52.99	1	1	31.49	0.34
53.09	1	1	31.56	0.38
53.19	1	1	31.56	0.34
53.29	1	1	31.63	0.38
53.39	1	1	31.66	0.38
53.49	1	1	31.69	0.38
53.58	1	1	31.69	0.31
53.68	1	1	31.76	0.34
53.78	1	1	31.80	0.34
53.88	1	1	31.86	0.41
53.98	1	1	31.86	0.38
54.08	1	1	31.93	0.38
54.18	1	1	31.93	0.38
54.28	1	1	32.00	0.38
54.38	1	1	32.03	0.38
54.47	1	1	32.07	0.38
54.57	1	1	32.10	0.41
54.67	1	1	32.14	0.38
54.77	1	1	32.17	0.38
54.87	1	1	32.20	0.34
54.97	1	1	32.27	0.41
55.07	1	1	32.30	0.38
55.17	1	1	32.34	0.41
55.27	1	1	32.37	0.38
55.37	1	1	32.41	0.38
55.47	1	1	32.44	0.38
55.56	1	1	32.47	0.38
55.66	1	1	32.51	0.38
55.76	1	1	32.58	0.41
55.86	1	1	32.58	0.38
55.96	1	1	32.61	0.34
56.06	1	1	32.64	0.34
56.16	1	1	32.71	0.38
56.26	1	1	32.75	0.38
56.36	1	1	32.81	0.41
56.46	1	1	32.85	0.41
56.55	1	1	32.88	0.41
56.65	1	1	32.91	0.41
56.75	1	1	32.98	0.41
56.85	1	1	32.98	0.41
56.95	1	1	33.02	0.41
57.05	1	1	33.12	0.48
57.15	1	1	33.12	0.41
57.25	1	1	33.19	0.45
57.35	1	1	33.22	0.41
57.44	1	1	33.25	0.41
57.54	1	1	33.32	0.45
57.64	1	1	33.36	0.44
57.74	1	1	33.39	0.41
57.84	1	1	33.39	0.41
57.94	1	1	33.46	0.44
58.04	1	1	33.53	0.41
58.14	1	1	33.56	0.45
58.24	1	1	33.59	0.41
58.34	1	1	33.63	0.41
58.43	1	1	33.69	0.45
58.53	1	1	33.73	0.41
58.63	1	1	33.80	0.45
58.73	1	1	33.80	0.41
58.83	1	1	33.90	0.51
58.93	1	1	33.90	0.45
59.03	1	1	33.93	0.41
59.13	1	1	34.00	0.45
59.23	1	1	34.07	0.48
59.33	1	1	34.10	0.48
59.42	1	1	34.14	0.45
59.52	1	1	34.20	0.48
59.62	1	1	34.24	0.45
59.72	1	1	34.31	0.51
59.82	1	1	34.34	0.45
59.92	1	1	34.37	0.48
60.02	1	1	34.41	0.48
60.12	1	1	34.47	0.48
60.22	1	1	34.51	0.45
60.31	1	1	34.54	0.45
60.41	1	1	34.61	0.48
60.51	1	1	34.68	0.48
60.61	1	1	34.71	0.48
60.71	1	1	34.78	0.48
60.81	1	1	34.81	0.48
60.91	1	1	34.85	0.48
61.01	1	1	34.92	0.51
61.11	1	1	34.95	0.48
61.21	1	1	35.02	0.51
61.30	1	1	35.05	0.51
61.40	1	1	35.09	0.48
61.50	1	1	35.12	0.45
61.60	1	1	35.19	0.48
61.70	1	1	35.26	0.48
61.80	1	1	35.29	0.48
61.90	1	1	35.32	0.48
62.00	1	1	35.36	0.45
62.10	1	1	35.42	0.48
62.20	1	1	35.46	0.45
62.29	1	1	35.56	0.51
62.39	1	1	35.59	0.51
62.49	1	1	35.66	0.55
62.59	1	1	35.66	0.48
62.69	1	1	35.73	0.48
62.79	1	1	35.76	0.48
62.89	1	1	35.83	0.51
62.99	1	1	35.87	0.51
63.09	1	1	35.90	0.48
63.18	1	1	36.00	0.55
63.28	1	1	36.04	0.48
63.38	1	1	36.10	0.51
63.48	1	1	36.14	0.48
63.58	1	1	36.21	0.55
63.68	1	1	36.24	0.51
63.78	1	1	36.31	0.55
63.88	1	1	36.34	0.51
63.98	1	1	36.41	0.55
64.07	1	1	36.48	0.58
64.18	1	1	36.51	0.51
64.27	1	1	36.54	0.51
64.37	1	1	36.61	0.51
64.47	1	1	36.68	0.55
64.57	1	1	36.75	0.55
64.67	1	1	36.82	0.58
64.77	1	1	36.85	0.55
64.87	1	1	36.92	0.58
64.97	1	1	36.99	0.58
65.07	1	1	37.05	0.58
65.16	1	1	37.05	0.55
65.26	1	1	37.12	0.58
65.36	1	1	37.19	0.58
65.46	1	1	37.22	0.55
65.56	1	1	37.29	0.55
65.66	1	1	37.36	0.55
65.76	1	1	37.46	0.62
65.86	1	1	37.46	0.55
65.96	1	1	37.53	0.55
66.06	1	1	37.60	0.55
66.15	1	1	37.66	0.62
66.25	1	1	37.70	0.58
66.35	1	1	37.77	0.58
66.45	1	1	37.83	0.62
66.55	1	1	37.90	0.62
66.65	1	1	37.94	0.58
66.75	1	1	38.00	0.55
66.85	1	1	38.07	0.62
66.95	1	1	38.14	0.62
67.04	1	1	38.17	0.58
67.14	1	1	38.24	0.58
67.24	1	1	38.31	0.62
67.34	1	1	38.34	0.58
67.44	1	1	38.41	0.58
67.54	1	1	38.48	0.58
67.64	1	1	38.51	0.58
67.74	1	1	38.58	0.58
67.84	1	1	38.62	0.55
67.94	1	1	38.68	0.55
68.04	1	1	38.79	0.62
68.13	1	1	38.82	0.58
68.23	1	1	38.85	0.55
68.33	1	1	38.96	0.62
68.43	1	1	38.99	0.58
68.53	1	1	39.06	0.58
68.63	1	1	39.13	0.62
68.73	1	1	39.16	0.58
68.83	1	1	39.23	0.62
68.93	1	1	39.30	0.62
69.02	1	1	39.40	0.62
69.12	1	1	39.40	0.58
69.22	1	1	39.50	0.65
69.32	1	1	39.53	0.58
69.42	1	1	39.60	0.62
69.52	1	1	39.67	0.62
69.62	1	1	39.70	0.58
69.72	1	1	39.80	0.65
69.82	1	1	39.84	0.62
69.91	1	1	39.87	0.58
70.01	1	1	39.94	0.55
70.11	1	1	40.04	0.65
70.21	1	1	40.08	0.58
70.31	1	1	40.14	0.62
70.41	1	1	40.21	0.62
70.51	1	1	40.25	0.58
70.61	1	1	40.35	0.65
70.71	1	1	40.38	0.58
70.81	1	1	40.42	0.58
70.90	1	1	40.52	0.65
71.00	1	1	40.55	0.62
71.10	1	1	40.59	0.55
71.20	1	1	40.62	0.55
71.30	1	1	40.72	0.58
71.40	1	1	40.76	0.55
71.50	1	1	40.82	0.58
71.60	1	1	40.93	0.58
71.70	1	1	40.99	0.62
71.80	1	1	41.03	0.62
71.89	1	1	41.06	0.55
71.99	1	1	41.13	0.58
72.09	1	1	41.23	0.65
72.19	1	1	41.30	0.69
72.29	1	1	41.30	0.58
72.39	1	1	41.40	0.65
72.49	1	1	41.47	0.65
72.59	1	1	41.50	0.58
72.69	1	1	41.57	0.58
72.79	1	1	41.64	0.62
72.88	1	1	41.71	0.65
72.98	1	1	41.78	0.65
73.08	1	1	41.81	0.58
73.18	1	1	41.91	0.62
73.28	1	1	41.95	0.65
73.38	1	1	41.98	0.58
73.48	1	1	42.08	0.62
73.58	1	1	42.15	0.65
73.68	1	1	42.22	0.65
73.78	1	1	42.29	0.65
73.87	1	1	42.32	0.62
73.97	1	1	42.39	0.62
74.07	1	1	42.46	0.65
74.17	1	1	42.52	0.62
74.27	1	1	42.59	0.65
74.37	1	1	42.66	0.69
74.47	1	1	42.73	0.65
74.57	1	1	42.76	0.62
74.67	1	1	42.86	0.65
74.76	1	1	42.90	0.62
74.86	1	1	42.97	0.65
74.96	1	1	43.03	0.65
75.06	1	1	43.10	0.65
75.16	1	1	43.17	0.65
75.26	1	1	43.20	0.62
75.36	1	1	43.31	0.65
75.46	1	1	43.37	0.65
75.56	1	1	43.44	0.69
75.66	1	1	43.51	0.65
75.75	1	1	43.58	0.69
75.85	1	1	43.61	0.65
75.95	1	1	43.71	0.69
76.05	1	1	43.78	0.69
76.15	1	1	43.85	0.69
76.25	1	1	43.92	0.72
76.35	1	1	43.95	0.65
76.45	1	1	44.02	0.65
76.55	1	1	44.09	0.65
76.65	1	1	44.16	0.65
76.74	1	1	44.26	0.69
76.84	1	1	44.29	0.69
76.94	1	1	44.39	0.69
77.04	1	1	44.46	0.69
77.14	1	1	44.56	0.72
77.24	1	1	44.56	0.65
77.34	1	1	44.63	0.69
77.44	1	1	44.70	0.69
77.54	1	1	44.77	0.69
77.63	1	1	44.84	0.69
77.73	1	1	44.91	0.65
77.83	1	1	44.97	0.69
77.93	1	1	45.04	0.65
78.03	1	1	45.14	0.69
78.13	1	1	45.21	0.65
78.23	1	1	45.25	0.69
78.33	1	1	45.35	0.72
78.43	1	1	45.38	0.69
78.53	1	1	45.48	0.72
78.62	1	1	45.55	0.72
78.72	1	1	45.59	0.69
78.82	1	1	45.69	0.72
78.92	1	1	45.76	0.72
79.02	1	1	45.82	0.69
79.12	1	1	45.89	0.69
79.22	1	1	45.96	0.72
79.32	1	1	46.03	0.69
79.42	1	1	46.10	0.72
79.52	1	1	46.13	0.65
79.62	1	1	46.23	0.69
79.71	1	1	46.30	0.72
79.81	1	1	46.37	0.69
79.91	1	1	46.44	0.69
80.01	1	1	46.54	0.72
80.11	1	1	46.57	0.69
80.21	1	1	46.67	0.72
80.31	1	1	46.74	0.72
80.41	1	1	46.81	0.72
80.50	1	1	46.85	0.72
80.61	1	1	46.95	0.72
80.70	1	1	47.05	0.76
80.80	1	1	47.12	0.76
80.90	1	1	47.19	0.76
81.00	1	1	47.22	0.69
81.10	1	1	47.32	0.76
81.20	1	1	47.36	0.69
81.30	1	1	47.46	0.72
81.40	1	1	47.53	0.72
81.50	1	1	47.59	0.76
81.59	1	1	47.66	0.72
81.69	1	1	47.73	0.69
81.79	1	1	47.80	0.69
81.89	1	1	47.90	0.72
81.99	1	1	47.97	0.76
82.09	1	1	48.00	0.69
82.19	1	1	48.11	0.76
82.29	1	1	48.21	0.76
82.39	1	1	48.28	0.76
82.49	1	1	48.31	0.72
82.58	1	1	48.38	0.72
82.68	1	1	48.48	0.76
82.78	1	1	48.55	0.76
82.88	1	1	48.62	0.72
82.98	1	1	48.68	0.72
83.08	1	1	48.75	0.76
83.18	1	1	48.85	0.76
83.28	1	1	48.89	0.69
83.38	1	1	48.99	0.72
83.47	1	1	49.06	0.76
83.57	1	1	49.13	0.76
83.67	1	1	49.20	0.72
83.77	1	1	49.26	0.72
83.87	1	1	49.37	0.76
83.97	1	1	49.47	0.79
84.07	1	1	49.50	0.76
84.17	1	1	49.57	0.72
84.27	1	1	49.64	0.76
84.37	1	1	49.74	0.76
84.46	1	1	49.81	0.76
84.56	1	1	49.91	0.79
84.66	1	1	49.94	0.76
84.76	1	1	50.05	0.79
84.86	1	1	50.08	0.72
84.96	1	1	50.18	0.72
85.06	1	1	50.25	0.76
85.16	1	1	50.32	0.76
85.26	1	1	50.39	0.76
85.36	1	1	50.49	0.76
85.45	1	1	50.56	0.76
85.55	1	1	50.63	0.72
85.65	1	1	50.69	0.76
85.75	1	1	50.80	0.76
85.85	1	1	50.87	0.79
85.95	1	1	50.93	0.76
86.05	1	1	51.00	0.76
86.15	1	1	51.10	0.79
86.25	1	1	51.17	0.79
86.34	1	1	51.24	0.76
86.44	1	1	51.34	0.79
86.54	1	1	51.41	0.79
86.64	1	1	51.48	0.79
86.74	1	1	51.55	0.76
86.84	1	1	51.65	0.79
86.94	1	1	51.72	0.79
87.04	1	1	51.79	0.79
87.14	1	1	51.85	0.76
87.24	1	1	51.92	0.76
87.33	1	1	52.02	0.79
87.43	1	1	52.09	0.76
87.53	1	1	52.16	0.76
87.63	1	1	52.26	0.79
87.73	1	1	52.33	0.79
87.83	1	1	52.43	0.79
87.93	1	1	52.47	0.76
88.03	1	1	52.60	0.83
88.13	1	1	52.64	0.79
88.23	1	1	52.71	0.79
88.32	1	1	52.81	0.79
88.42	1	1	52.88	0.79
88.52	1	1	52.98	0.83
88.62	1	1	53.05	0.79
88.72	1	1	53.12	0.79
88.82	1	1	53.18	0.76
88.92	1	1	53.29	0.83
89.02	1	1	53.39	0.79
89.12	1	1	53.46	0.83
89.22	1	1	53.53	0.83
89.31	1	1	53.59	0.79
89.41	1	1	53.66	0.79
89.51	1	1	53.76	0.79
89.61	1	1	53.83	0.79
89.71	1	1	53.90	0.79
89.81	1	1	54.00	0.83
89.91	1	1	54.07	0.79
90.01	1	1	54.14	0.76
90.11	1	1	54.24	0.79
90.21	1	1	54.34	0.83
90.30	1	1	54.38	0.79
90.40	1	1	54.48	0.83
90.50	1	1	54.55	0.79
90.60	1	1	54.65	0.83
90.70	1	1	54.72	0.83
90.80	1	1	54.82	0.83
90.90	1	1	54.89	0.83
91.00	1	1	54.96	0.83
91.10	1	1	55.06	0.83
91.19	1	1	55.13	0.79
91.29	1	1	55.20	0.83
91.39	1	1	55.30	0.83
91.49	1	1	55.37	0.83
91.59	1	1	55.47	0.83
91.69	1	1	55.54	0.83
91.79	1	1	55.61	0.79
91.89	1	1	55.71	0.83
91.99	1	1	55.74	0.79
92.09	1	1	55.85	0.79
92.18	1	1	55.98	0.86
92.28	1	1	56.05	0.86
92.38	1	1	56.12	0.83
92.48	1	1	56.19	0.83
92.58	1	1	56.29	0.83
92.68	1	1	56.36	0.83
92.78	1	1	56.43	0.83
92.88	1	1	56.53	0.83
92.98	1	1	56.60	0.86
93.08	1	1	56.70	0.86
93.17	1	1	56.77	0.79
93.27	1	1	56.84	0.79
93.37	1	1	56.94	0.83
93.47	1	1	57.04	0.86
93.57	1	1	57.14	0.86
93.67	1	1	57.21	0.86
93.77	1	1	57.31	0.90
93.87	1	1	57.35	0.83
93.97	1	1	57.45	0.86
94.06	1	1	57.55	0.86
94.16	1	1	57.62	0.86
94.26	1	1	57.69	0.86
94.36	1	1	57.83	0.90
94.46	1	1	57.89	0.86
94.56	1	1	57.96	0.83
94.66	1	1	58.07	0.86
94.76	1	1	58.13	0.83
94.86	1	1	58.24	0.90
94.96	1	1	58.30	0.86
95.05	1	1	58.37	0.83
95.15	1	1	58.51	0.90
95.25	1	1	58.58	0.90
95.35	1	1	58.68	0.86
95.45	1	1	58.75	0.86
95.55	1	1	58.85	0.90
95.65	1	1	58.95	0.90
95.75	1	1	59.06	0.93
95.85	1	1	59.12	0.90
95.95	1	1	59.19	0.90
96.04	1	1	59.33	0.97
96.14	1	1	59.40	0.90
96.24	1	1	59.47	0.90
96.34	1	1	59.57	0.90
96.44	1	1	59.64	0.90
96.54	1	1	59.74	0.90
96.64	1	1	59.84	0.90
96.74	1	1	59.95	0.90
96.84	1	1	60.01	0.90
96.93	1	1	60.12	0.93
97.04	1	1	60.18	0.86
97.13	1	1	60.29	0.90
97.23	1	1	60.36	0.90
97.33	1	1	60.46	0.90
97.43	1	1	60.56	0.93
97.53	1	1	60.63	0.90
97.63	1	1	60.77	0.93
97.73	1	1	60.83	0.90
97.83	1	1	60.94	0.93
97.93	1	1	61.04	0.93
98.02	1	1	61.11	0.93
98.12	1	1	61.21	0.93
98.22	1	1	61.28	0.93
98.32	1	1	61.38	0.93
98.42	1	1	61.45	0.90
98.52	1	1	61.55	0.93
98.62	1	1	61.65	0.90
98.72	1	1	61.72	0.90
98.82	1	1	61.83	0.90
98.91	1	1	61.89	0.86
99.01	1	1	62.00	0.90
99.11	1	1	62.06	0.86
99.21	1	1	62.20	0.93
99.31	1	1	62.27	0.90
99.41	1	1	62.37	0.93
99.51	1	1	62.48	0.93
99.61	1	1	62.58	0.93
99.71	1	1	62.65	0.93
99.81	1	1	62.75	0.93
99.90	1	1	62.82	0.93
100.00	1	1	62.95	0.97
100.10	1	1	63.06	1.00
100.20	1	1	63.09	0.90
100.30	1	1	63.19	0.93
100.40	1	1	63.30	0.93
100.50	1	1	63.37	0.90
100.60	1	1	63.47	0.90
100.70	1	1	63.57	0.93
100.80	1	1	63.64	0.90
100.89	1	1	63.74	0.93
100.99	1	1	63.84	0.90
101.09	1	1	63.95	0.90
101.19	1	1	64.05	0.97
101.29	1	1	64.12	0.93
101.39	1	1	64.22	0.93
101.49	1	1	64.32	0.97
101.59	1	1	64.39	0.93
101.69	1	1	64.49	0.93
101.79	1	1	64.56	0.93
101.89	1	1	64.67	0.93
101.98	1	1	64.73	0.90
102.08	1	1	64.87	0.93
102.18	1	1	64.94	0.90
102.28	1	1	65.08	0.97
102.38	1	1	65.18	0.97
102.48	1	1	65.28	0.97
102.58	1	1	65.35	0.97
102.68	1	1	65.45	0.97
102.78	1	1	65.56	1.00
102.88	1	1	65.66	1.00
102.97	1	1	65.73	1.00
103.07	1	1	65.86	1.00
103.17	1	1	65.93	1.00
103.27	1	1	66.07	1.00
103.37	1	1	66.14	0.97
103.47	1	1	66.24	0.97
103.57	1	1	66.34	1.00
103.67	1	1	66.41	0.97
103.77	1	1	66.51	0.97
103.87	1	1	66.65	1.00
103.96	1	1	66.75	1.04
104.06	1	1	66.86	1.00
104.16	1	1	66.93	1.00
104.26	1	1	67.03	0.97
104.36	1	1	67.10	0.97
104.46	1	1	67.20	0.97
104.56	1	1	67.30	0.97
104.66	1	1	67.41	1.00
104.76	1	1	67.47	0.97
104.86	1	1	67.61	0.97
104.95	1	1	67.71	0.97
105.05	1	1	67.82	0.97
105.15	1	1	67.92	1.00
105.25	1	1	68.02	1.00
105.35	1	1	68.12	1.04
105.45	1	1	68.19	1.00
105.55	1	1	68.30	1.00
105.65	1	1	68.43	1.04
105.75	1	1	68.50	1.04
105.85	1	1	68.60	1.00
105.94	1	1	68.71	1.00
106.04	1	1	68.81	1.00
106.14	1	1	68.91	1.00
106.24	1	1	68.98	0.97
106.34	1	1	69.08	0.97
106.44	1	1	69.22	1.04
106.54	1	1	69.32	1.04
106.64	1	1	69.43	1.00
106.74	1	1	69.50	1.00
106.84	1	1	69.60	1.00
106.93	1	1	69.74	1.04
107.03	1	1	69.80	1.00
107.13	1	1	69.91	1.00
107.23	1	1	70.01	1.04
107.33	1	1	70.11	1.04
107.43	1	1	70.22	1.00
107.53	1	1	70.35	1.04
107.63	1	1	70.42	1.00
107.73	1	1	70.52	1.04
107.83	1	1	70.63	1.04
107.93	1	1	70.73	1.00
108.02	1	1	70.83	1.04
108.12	1	1	70.94	1.04
108.22	1	1	71.04	1.04
108.32	1	1	71.14	1.04
108.42	1	1	71.28	1.07
108.52	1	1	71.35	1.00
108.62	1	1	71.45	1.04
108.72	1	1	71.55	1.04
108.82	1	1	71.66	1.04
108.91	1	1	71.83	1.11
109.01	1	1	71.90	1.07
109.11	1	1	72.00	1.07
109.21	1	1	72.10	1.07
109.31	1	1	72.20	1.07
109.41	1	1	72.31	1.04
109.51	1	1	72.41	1.07
109.61	1	1	72.51	1.07
109.71	1	1	72.62	1.07
109.81	1	1	72.72	1.07
109.90	1	1	72.82	1.01
110.00	1	1	72.96	1.07
110.10	1	1	73.06	1.08
110.20	1	1	73.17	1.07
110.30	1	1	73.23	1.04
110.40	1	1	73.37	1.07
110.50	1	1	73.51	1.11
110.60	1	1	73.58	1.07
110.70	1	1	73.68	1.07
110.80	1	1	73.78	1.07
110.90	1	1	73.89	1.07
111.00	1	1	74.02	1.07
111.09	1	1	74.13	1.07
111.19	1	1	74.26	1.11
111.29	1	1	74.37	1.14
111.39	1	1	74.44	1.07
111.49	1	1	74.54	1.04
111.59	1	1	74.68	1.11
111.69	1	1	74.78	1.11
111.79	1	1	74.92	1.14
111.89	1	1	74.98	1.11
111.98	1	1	75.12	1.11
112.08	1	1	75.26	1.14
112.18	1	1	75.33	1.08
112.28	1	1	75.47	1.11
112.38	1	1	75.53	1.11
112.48	1	1	75.64	1.11
112.58	1	1	75.77	1.11
112.68	1	1	75.84	1.08
112.78	1	1	75.98	1.08
112.88	1	1	76.08	1.11
112.97	1	1	76.22	1.11
113.07	1	1	76.29	1.04
113.17	1	1	76.39	1.08
113.27	1	1	76.56	1.11
113.37	1	1	76.63	1.11
113.47	1	1	76.77	1.14
113.57	1	1	76.84	1.08
113.67	1	1	76.98	1.14
113.77	1	1	77.11	1.15
113.87	1	1	77.18	1.11
113.97	1	1	77.29	1.07
114.06	1	1	77.42	1.14
114.16	1	1	77.53	1.15
114.26	1	1	77.63	1.07
114.36	1	1	77.73	1.11
114.46	1	1	77.84	1.08
114.56	1	1	77.97	1.14
114.66	1	1	78.08	1.11
114.76	1	1	78.18	1.08
114.86	1	1	78.28	1.11
114.96	1	1	78.39	1.11
115.05	1	1	78.52	1.11
115.15	1	1	78.63	1.11
115.25	1	1	78.70	1.08
115.35	1	1	78.80	1.08
115.45	1	1	78.94	1.11
115.55	1	1	79.04	1.08
115.65	1	1	79.18	1.11
115.75	1	1	79.25	1.08
115.85	1	1	79.38	1.11
115.95	1	1	79.49	1.11
116.04	1	1	79.59	1.08
116.14	1	1	79.69	1.08
116.24	1	1	79.83	1.15
116.34	1	1	79.97	1.18
116.44	1	1	80.07	1.15
116.54	1	1	80.14	1.11
116.64	1	1	80.24	1.08
116.74	1	1	80.38	1.15
116.84	1	1	80.48	1.11
116.94	1	1	80.59	1.11
117.04	1	1	80.72	1.15
117.13	1	1	80.79	1.11
117.23	1	1	80.93	1.11
117.33	1	1	81.03	1.08
117.43	1	1	81.17	1.11
117.53	1	1	81.27	1.15
117.63	1	1	81.38	1.15
117.73	1	1	81.52	1.15
117.83	1	1	81.58	1.11
117.93	1	1	81.72	1.15
118.03	1	1	81.83	1.11
118.12	1	1	81.93	1.15
118.22	1	1	82.03	1.11
118.32	1	1	82.17	1.15
118.42	1	1	82.27	1.11
118.52	1	1	82.34	1.08
118.62	1	1	82.48	1.11
118.72	1	1	82.58	1.08
118.82	1	1	82.69	1.11
118.92	1	1	82.82	1.11
119.02	1	1	82.93	1.11
119.11	1	1	83.03	1.11
119.21	1	1	83.13	1.11
119.31	1	1	83.24	1.08
119.41	1	1	83.37	1.11
119.51	1	2	83.51	1.18
119.61	1	3	83.61	1.15
119.71	1	3	83.72	1.15
119.81	1	3	83.82	1.15
119.91	1	3	83.92	1.11
120.01	1	3	84.03	1.11
120.11	1	3	84.13	1.11
120.20	1	3	84.27	1.15
120.30	1	3	84.37	1.15
120.40	1	3	84.48	1.11
120.50	1	3	84.61	1.11
120.60	1	3	84.72	1.11
120.70	1	3	84.82	1.11
120.80	1	3	84.96	1.15
120.90	1	3	85.06	1.15
121.00	1	3	85.16	1.15
121.09	1	3	85.27	1.15
121.19	1	3	85.37	1.11
121.29	1	3	85.47	1.11
121.39	1	3	85.61	1.15
121.49	1	3	85.68	1.08
121.59	1	3	85.85	1.15
121.69	1	3	85.92	1.11
121.79	1	3	86.03	1.08
121.89	1	3	86.16	1.11
121.99	1	3	86.27	1.11
122.08	1	3	86.37	1.11
122.18	1	3	86.51	1.15
122.28	1	3	86.58	1.11
122.38	1	3	86.71	1.11
122.48	1	3	86.82	1.15
122.58	1	3	86.92	1.08
122.68	1	3	87.02	1.11
122.78	1	3	87.13	1.11
122.88	1	3	87.23	1.08
122.98	1	3	87.37	1.11
123.08	1	3	87.51	1.15
123.17	1	3	87.61	1.11
123.27	1	3	87.68	1.11
123.37	1	3	87.82	1.11
123.47	1	3	87.92	1.11
123.57	1	3	88.02	1.11
123.67	1	3	88.16	1.15
123.77	1	3	88.27	1.15
123.87	1	3	88.37	1.15
123.97	1	3	88.47	1.11
124.07	1	3	88.61	1.11
124.16	1	3	88.68	1.08
124.26	1	3	88.82	1.15
124.36	1	3	88.92	1.11
124.46	1	3	89.02	1.11
124.56	1	3	89.16	1.15
124.66	1	3	89.27	1.11
124.76	1	3	89.40	1.15
124.86	1	3	89.47	1.11
124.96	1	3	89.61	1.15
125.06	1	3	89.71	1.11
125.15	1	3	89.85	1.18
125.25	1	3	89.92	1.11
125.35	1	3	90.06	1.15
125.45	1	3	90.16	1.15
125.55	1	3	90.30	1.15
125.65	1	3	90.40	1.15
125.75	1	3	90.51	1.11
125.85	1	3	90.65	1.18
125.95	1	3	90.71	1.11
126.05	1	3	90.85	1.15
126.14	1	3	90.99	1.15
126.24	1	3	91.09	1.18
126.34	1	3	91.20	1.15
126.44	1	3	91.34	1.18
126.54	1	3	91.44	1.15
126.64	1	3	91.54	1.15
126.74	1	3	91.65	1.15
126.84	1	3	91.75	1.12
126.94	1	3	91.85	1.15
127.04	1	3	91.99	1.15
127.13	1	3	92.09	1.12
127.23	1	3	92.20	1.11
127.33	1	3	92.30	1.12
127.43	1	3	92.44	1.11
127.53	1	3	92.58	1.15
127.63	1	3	92.65	1.12
127.73	1	3	92.79	1.15
127.83	1	3	92.92	1.18
127.93	1	3	93.03	1.19
128.03	1	3	93.13	1.15
128.13	1	3	93.23	1.15
128.23	1	3	93.37	1.19
128.32	1	3	93.48	1.19
128.42	1	3	93.61	1.19
128.52	1	3	93.72	1.15
128.62	1	3	93.82	1.19
128.72	1	3	93.92	1.15
128.82	1	3	94.06	1.15
128.92	1	3	94.17	1.15
129.02	1	3	94.27	1.15
129.12	1	3	94.37	1.15
129.22	1	3	94.51	1.15
129.31	1	3	94.62	1.15
129.41	1	3	94.75	1.15
129.51	1	3	94.86	1.15
129.61	1	3	94.96	1.15
129.71	1	3	95.06	1.15
129.81	1	3	95.20	1.15
129.91	1	3	95.34	1.19
130.01	1	3	95.44	1.19
130.11	1	3	95.58	1.22
130.21	1	3	95.65	1.15
130.30	1	3	95.79	1.19
130.40	1	3	95.89	1.15
130.50	1	3	96.00	1.15
130.60	1	3	96.14	1.19
130.70	1	3	96.24	1.19
130.80	1	3	96.34	1.15
130.90	1	3	96.45	1.12
131.00	1	3	96.58	1.15
131.10	1	3	96.69	1.12
131.20	1	3	96.79	1.15
131.30	1	3	96.93	1.15
131.39	1	3	97.07	1.19
131.49	1	3	97.14	1.15
131.59	1	3	97.28	1.15
131.69	1	3	97.38	1.15
131.79	1	3	97.48	1.15
131.89	1	3	97.62	1.19
131.99	1	3	97.76	1.19
132.09	1	3	97.86	1.19
132.19	1	3	97.97	1.19
132.29	1	3	98.11	1.19
132.38	1	3	98.21	1.15
132.48	1	3	98.35	1.22
132.58	1	3	98.45	1.19
132.68	1	3	98.56	1.19
132.78	1	3	98.66	1.19
132.88	1	3	98.76	1.15
132.98	1	3	98.90	1.15
133.08	1	3	99.01	1.15
133.18	1	3	99.14	1.19
133.27	1	3	99.25	1.15
133.38	1	3	99.39	1.19
133.47	1	3	99.45	1.12
133.57	1	3	99.63	1.19
133.67	1	3	99.73	1.19
133.77	1	3	99.80	1.15
133.87	1	3	99.97	1.22
133.97	1	3	100.04	1.15
134.07	1	3	100.18	1.19
134.17	1	3	100.32	1.19
134.27	1	3	100.42	1.19
134.37	1	3	100.53	1.15
134.46	1	3	100.67	1.22
134.56	1	3	100.80	1.19
134.66	1	3	100.87	1.15
134.76	1	3	101.01	1.22
134.86	1	3	101.12	1.15
134.96	1	3	101.22	1.19
135.06	1	3	101.36	1.19
135.16	1	3	101.46	1.15
135.26	1	3	101.57	1.15
135.36	1	3	101.70	1.19
135.46	1	3	101.81	1.15
135.55	1	3	101.91	1.12
135.65	1	3	102.05	1.19
135.75	1	3	102.19	1.19
135.85	1	3	102.29	1.19
135.95	1	3	102.43	1.22
136.05	1	3	102.50	1.15
136.15	1	3	102.64	1.19
136.25	1	3	102.74	1.19
136.35	1	3	102.88	1.19
136.45	1	3	102.98	1.19
136.55	1	3	103.12	1.22
136.64	1	3	103.23	1.19
136.74	1	3	103.37	1.19
136.84	1	3	103.47	1.19
136.94	1	3	103.57	1.15
137.04	1	3	103.71	1.22
137.14	1	3	103.82	1.19
137.24	1	3	103.92	1.19
137.34	1	3	104.06	1.19
137.44	1	3	104.16	1.19
137.54	1	3	104.30	1.19
137.63	1	3	104.44	1.22
137.73	1	3	104.54	1.19
137.83	1	3	104.68	1.22
137.93	1	3	104.79	1.22
138.03	1	3	104.92	1.22
138.13	1	3	105.03	1.22
138.23	1	3	105.17	1.26
138.33	1	3	105.27	1.22
138.43	1	3	105.34	1.19
138.53	1	3	105.51	1.22
138.63	1	3	105.62	1.19
138.73	1	3	105.76	1.22
138.82	1	3	105.86	1.19
138.92	1	3	106.00	1.22
139.02	1	3	106.10	1.19
139.12	1	3	106.24	1.22
139.22	1	3	106.35	1.19
139.32	1	3	106.48	1.23
139.42	1	3	106.62	1.30
139.52	1	3	106.73	1.22
139.62	1	3	106.83	1.22
139.72	1	3	106.97	1.23
139.81	1	3	107.11	1.26
139.91	1	3	107.21	1.22
140.01	1	3	107.32	1.22
140.11	1	3	107.46	1.23
140.21	1	3	107.59	1.26
140.31	1	3	107.70	1.22
140.41	1	3	107.80	1.19
140.51	1	3	107.91	1.19
140.61	1	3	108.04	1.23
140.71	1	3	108.15	1.19
140.81	1	3	108.29	1.19
140.91	1	3	108.43	1.22
141.00	1	3	108.53	1.23
141.10	1	3	108.67	1.22
141.20	1	3	108.77	1.19
141.30	1	3	108.91	1.23
141.40	1	3	109.02	1.23
141.50	1	3	109.19	1.30
141.60	1	3	109.29	1.26
141.70	1	3	109.36	1.22
141.80	1	3	109.54	1.26
141.90	1	3	109.61	1.19
142.00	1	3	109.74	1.22
142.09	1	3	109.88	1.23
142.19	1	3	109.99	1.23
142.29	1	3	110.09	1.19
142.39	1	3	110.23	1.23
142.49	1	3	110.33	1.16
142.59	1	3	110.47	1.19
142.69	1	3	110.61	1.26
142.79	1	3	110.72	1.19
142.89	1	3	110.82	1.23
142.99	1	3	110.96	1.23
143.08	1	3	111.03	1.16
143.18	1	3	111.17	1.19
143.28	1	3	111.31	1.23
143.38	1	3	111.45	1.23
143.48	1	3	111.55	1.23
143.58	1	3	111.69	1.22
143.68	1	3	111.79	1.19
143.78	1	3	111.93	1.23
143.88	1	3	112.00	1.19
143.98	1	3	112.14	1.19
144.08	1	3	112.28	1.26
144.18	1	3	112.38	1.23
144.27	1	3	112.49	1.19
144.37	1	3	112.63	1.19
144.47	1	3	112.73	1.19
144.57	1	3	112.83	1.16
144.67	1	3	112.97	1.19
144.77	1	3	113.08	1.16
144.87	1	3	113.22	1.23
144.97	1	3	113.32	1.19
145.07	1	3	113.46	1.19
145.16	1	3	113.56	1.19
145.26	1	3	113.67	1.19
145.36	1	3	113.81	1.19
145.46	1	3	113.91	1.19
145.56	1	3	114.02	1.19
145.66	1	3	114.15	1.19
145.76	1	3	114.29	1.23
145.86	1	3	114.43	1.23
145.96	1	3	114.57	1.26
146.06	1	3	114.64	1.19
146.16	1	3	114.78	1.23
146.26	1	3	114.88	1.23
146.36	1	3	115.02	1.23
146.45	1	3	115.13	1.23
146.55	1	3	115.27	1.26
146.65	1	3	115.34	1.19
146.75	1	3	115.48	1.19
146.85	1	3	115.58	1.16
146.95	1	3	115.68	1.12
147.05	1	3	115.79	1.16
147.15	1	3	115.96	1.19
147.25	1	3	116.07	1.19
147.35	1	3	116.17	1.16
147.44	1	3	116.31	1.19
147.54	1	3	116.41	1.16
147.64	1	3	116.52	1.19
147.74	1	3	116.66	1.19
147.84	1	3	116.76	1.19
147.94	1	3	116.94	1.26
148.04	1	3	117.04	1.26
148.14	1	3	117.14	1.19
148.24	1	3	117.25	1.19
148.34	1	3	117.39	1.23
148.44	1	3	117.49	1.19
148.53	1	3	117.63	1.23
148.63	1	3	117.77	1.26
148.73	1	3	117.84	1.19
148.83	1	3	117.98	1.23
148.93	1	3	118.12	1.19
149.03	1	3	118.19	1.16
149.13	1	3	118.33	1.19
149.23	1	3	118.47	1.23
149.33	1	3	118.57	1.19
149.43	1	3	118.68	1.19
149.52	1	3	118.81	1.19
149.62	1	3	118.92	1.16
149.72	1	3	119.06	1.23
149.82	1	3	119.16	1.20
149.92	1	3	119.27	1.16
150.02	1	3	119.41	1.23
150.12	1	3	119.48	1.16
150.22	1	3	119.62	1.16
150.32	1	3	119.79	1.23
150.42	1	3	119.86	1.19
150.52	1	3	120.00	1.19
150.62	1	3	120.10	1.19
150.71	1	3	120.24	1.20
150.81	1	3	120.35	1.19
150.91	1	3	120.45	1.19
151.01	1	3	120.59	1.19
151.11	1	3	120.69	1.23
151.21	1	3	120.83	1.23
151.31	1	3	120.94	1.16
151.41	1	3	121.08	1.23
151.51	1	3	121.18	1.20
151.61	1	3	121.29	1.19
151.71	1	3	121.43	1.19
151.80	1	3	121.53	1.19
151.90	1	3	121.63	1.20
152.00	1	3	121.77	1.20
152.10	1	3	121.91	1.23
152.20	1	3	122.02	1.19
152.30	1	3	122.12	1.20
152.40	1	3	122.26	1.20
152.50	1	3	122.37	1.19
152.60	1	3	122.51	1.23
152.70	1	3	122.61	1.20
152.80	1	3	122.75	1.23
152.89	1	3	122.82	1.20
152.99	1	3	122.99	1.23
153.09	1	3	123.13	1.23
153.19	1	3	123.24	1.23
153.29	1	3	123.31	1.20
153.39	1	3	123.41	1.16
153.49	1	3	123.55	1.20
153.59	1	3	123.69	1.20
153.69	1	3	123.79	1.19
153.79	1	3	123.90	1.16
153.88	1	3	124.04	1.23
153.98	1	3	124.18	1.20
154.08	1	3	124.25	1.13
154.18	1	3	124.39	1.16
154.28	1	3	124.49	1.19
154.38	1	3	124.63	1.23
154.48	1	3	124.74	1.20
154.58	1	3	124.84	1.16
154.68	1	3	124.98	1.20
154.78	1	3	125.08	1.20
154.88	1	3	125.19	1.16
154.98	1	3	125.33	1.16
155.07	1	3	125.47	1.23
155.17	1	3	125.54	1.16
155.27	1	3	125.71	1.23
155.37	1	3	125.82	1.20
155.47	1	3	125.89	1.16
155.57	1	3	125.99	1.16
155.67	1	3	126.13	1.16
155.77	1	3	126.23	1.16
155.87	1	3	126.41	1.23
155.97	1	3	126.51	1.20
156.06	1	3	126.62	1.16
156.16	1	3	126.72	1.20
156.26	1	3	126.86	1.16
156.36	1	3	126.97	1.16
156.46	1	3	127.07	1.20
156.56	1	3	127.25	1.27
156.66	1	3	127.32	1.20
156.76	1	3	127.46	1.23
156.86	1	3	127.56	1.16
156.96	1	3	127.70	1.20
157.06	1	3	127.80	1.20
157.16	1	3	127.94	1.23
157.25	1	3	128.05	1.20
157.35	1	3	128.15	1.20
157.45	1	3	128.26	1.20
157.55	1	3	128.40	1.16
157.65	1	3	128.50	1.20
157.75	1	3	128.64	1.20
157.85	1	3	128.75	1.20
157.95	1	3	128.89	1.20
158.05	1	3	128.99	1.20
158.15	1	3	129.10	1.16
158.24	1	3	129.20	1.16
158.34	1	3	129.31	1.16
158.44	1	3	129.45	1.20
158.54	1	3	129.55	1.16
158.64	1	3	129.65	1.16
158.74	1	3	129.76	1.13
158.84	1	3	129.90	1.16
158.94	1	3	130.04	1.16
159.04	1	3	130.14	1.16
159.14	1	3	130.25	1.16
159.24	1	3	130.35	1.16
159.34	1	3	130.49	1.20
159.43	1	3	130.60	1.16
159.53	1	3	130.74	1.20
159.63	1	3	130.84	1.20
159.73	1	3	130.95	1.20
159.83	1	3	131.05	1.16
159.93	1	3	131.16	1.13
160.03	1	3	131.30	1.16
160.13	1	3	131.40	1.16
160.23	1	3	131.54	1.20
160.33	1	3	131.65	1.16
160.43	1	3	131.75	1.16
160.52	1	3	131.86	1.13
160.62	1	3	131.99	1.16
160.72	1	3	132.10	1.16
160.82	1	3	132.20	1.16
160.92	1	3	132.34	1.20
161.02	1	3	132.45	1.16
161.12	1	3	132.59	1.20
161.22	1	3	132.69	1.16
161.32	1	3	132.80	1.16
161.42	1	3	132.87	1.13
161.51	1	3	133.01	1.16
161.61	1	3	133.11	1.13
161.71	1	3	133.25	1.16
161.81	1	3	133.36	1.16
161.91	1	3	133.46	1.13
162.01	1	3	133.57	1.13
162.11	1	3	133.67	1.09
162.21	1	3	133.85	1.16
162.31	1	3	133.92	1.13
162.41	1	3	134.06	1.20
162.51	1	3	134.16	1.16
162.61	1	3	134.27	1.16
162.70	1	3	134.41	1.16
162.80	1	3	134.51	1.17
162.90	1	3	134.62	1.16
163.00	1	3	134.76	1.20
163.10	1	3	134.86	1.20
163.20	1	3	134.97	1.13
163.30	1	3	135.07	1.17
163.40	1	3	135.21	1.16
163.50	1	3	135.28	1.13
163.60	1	3	135.42	1.17
163.69	1	3	135.53	1.13
163.79	1	3	135.63	1.13
163.89	1	3	135.77	1.16
163.99	1	3	135.88	1.13
164.09	1	3	136.02	1.17
164.19	1	3	136.12	1.16
164.29	1	3	136.23	1.16
164.39	1	3	136.33	1.13
164.49	1	3	136.44	1.17
164.59	1	3	136.58	1.16
164.69	1	3	136.68	1.16
164.79	1	3	136.75	1.13
164.88	1	3	136.92	1.17
164.98	1	3	137.03	1.17
165.08	1	3	137.13	1.13
165.18	1	3	137.24	1.13
165.28	1	3	137.38	1.17
165.38	1	3	137.48	1.17
165.48	1	3	137.59	1.17
165.58	1	3	137.69	1.13
165.68	1	3	137.83	1.16
165.77	1	3	137.94	1.20
165.87	1	3	138.05	1.13
165.97	1	3	138.15	1.13
166.07	1	3	138.25	1.13
166.17	1	3	138.36	1.13
166.27	1	3	138.46	1.09
166.37	1	3	138.61	1.13
166.47	1	3	138.71	1.13
166.57	1	3	138.85	1.16
166.67	1	3	138.96	1.13
166.77	1	3	139.06	1.13
166.87	1	3	139.17	1.13
166.97	1	3	139.27	1.13
167.06	1	3	139.41	1.17
167.16	1	3	139.48	1.13
167.26	1	3	139.59	1.13
167.36	1	3	139.73	1.13
167.46	1	3	139.87	1.17
167.56	1	3	139.90	1.06
167.66	1	3	140.04	1.10
167.76	1	3	140.15	1.10
167.86	1	3	140.29	1.13
167.96	1	3	140.36	1.10
168.05	1	3	140.50	1.10
168.15	1	3	140.60	1.13
168.25	1	3	140.71	1.13
168.35	1	3	140.85	1.13
168.45	1	3	140.95	1.09
168.55	1	3	141.06	1.17
168.65	1	3	141.16	1.13
168.75	1	3	141.30	1.17
168.85	1	3	141.37	1.10
168.95	1	3	141.48	1.13
169.05	1	3	141.62	1.13
169.14	1	3	141.72	1.13
169.24	1	3	141.83	1.13
169.34	1	3	141.97	1.13
169.44	1	3	142.07	1.13
169.54	1	3	142.18	1.13
169.64	1	3	142.28	1.13
169.74	1	3	142.42	1.13
169.84	1	3	142.53	1.17
169.94	1	3	142.60	1.13
170.04	1	3	142.74	1.13
170.13	1	3	142.84	1.13
170.23	1	3	142.95	1.13
170.33	1	3	143.09	1.13
170.43	1	3	143.16	1.10
170.53	1	3	143.26	1.10
170.63	1	3	143.37	1.10
170.73	1	3	143.48	1.06
170.83	1	3	143.65	1.13
170.93	1	3	143.72	1.13
171.03	1	3	143.83	1.10
171.13	1	3	144.00	1.17
171.23	1	3	144.07	1.13
171.32	1	3	144.18	1.10
171.42	1	3	144.28	1.13
171.52	1	3	144.39	1.13
171.62	1	3	144.49	1.13
171.72	1	4	144.67	1.20
171.82	0	4	144.74	1.10
171.92	0	4	144.88	1.17
172.02	0	4	144.98	1.17
172.12	0	4	145.09	1.10
172.22	0	4	145.19	1.13
172.32	0	4	145.30	1.13
172.41	0	4	145.44	1.17
172.51	0	4	145.54	1.17
172.61	0	4	145.65	1.17
172.71	0	4	145.76	1.10
172.81	0	4	145.86	1.13
172.91	0	4	146.00	1.13
173.01	0	4	146.14	1.17
173.11	0	4	146.25	1.17
173.21	0	4	146.35	1.17
173.30	0	4	146.42	1.13
173.41	0	4	146.56	1.13
173.50	0	4	146.67	1.13
173.60	0	4	146.77	1.13
173.70	0	4	146.91	1.17
173.80	0	4	146.98	1.13
173.90	0	4	147.12	1.13
174.00	0	4	147.26	1.13
174.10	0	4	147.33	1.10
174.20	0	4	147.44	1.10
174.30	0	4	147.58	1.17
174.40	0	4	147.69	1.13
174.49	0	4	147.79	1.13
174.59	0	4	147.93	1.17
174.69	0	4	148.04	1.13
174.79	0	4	148.14	1.17
174.89	0	4	148.25	1.13
174.99	0	4	148.35	1.10
175.09	0	4	148.49	1.17
175.19	0	4	148.56	1.13
175.29	0	4	148.74	1.17
175.39	0	4	148.81	1.13
175.49	0	4	148.95	1.17
175.58	0	4	149.05	1.13
175.68	0	4	149.20	1.17
175.78	0	4	149.30	1.17
175.88	0	4	149.41	1.17
175.98	0	4	149.51	1.17
176.08	0	4	149.69	1.21
176.18	0	4	149.79	1.24
176.28	0	4	149.90	1.17
176.38	0	4	150.07	1.28
176.48	0	4	150.18	1.24
176.58	0	4	150.28	1.24
176.67	0	4	150.42	1.24
176.77	0	4	150.53	1.24
176.87	0	4	150.71	1.31
176.97	0	4	150.78	1.28
177.07	0	4	150.88	1.21
177.17	0	4	150.99	1.21
177.27	0	4	151.13	1.24
177.37	0	4	151.20	1.13
177.47	0	4	151.34	1.17
177.57	0	4	151.41	1.14
177.66	0	4	151.51	1.10
177.76	0	4	151.58	1.06
177.86	0	4	151.69	0.99
177.96	0	4	151.80	1.03
178.06	0	4	151.87	0.99
178.16	0	4	151.97	0.99
178.26	0	4	152.08	0.96
178.36	0	4	152.11	0.92
178.46	0	4	152.22	0.89
178.56	0	4	152.29	0.89
178.66	0	4	152.36	0.85
178.75	0	4	152.43	0.85
178.85	0	4	152.50	0.82
178.95	0	4	152.53	0.74
179.05	0	4	152.64	0.78
179.15	0	4	152.67	0.71
179.25	0	4	152.74	0.67
179.35	0	4	152.78	0.67
179.45	0	4	152.85	0.64
179.55	0	4	152.92	0.64
179.65	0	4	152.96	0.60
179.75	0	4	153.03	0.60
179.84	0	4	153.06	0.57
179.94	0	4	153.10	0.57
180.04	0	4	153.13	0.50
180.14	0	4	153.13	0.46
180.24	0	4	153.17	0.43
180.34	0	4	153.24	0.46
180.44	0	4	153.24	0.39
180.54	0	4	153.27	0.36
180.64	0	4	153.31	0.36
180.74	0	4	153.31	0.28
180.84	0	4	153.38	0.32
180.93	0	4	153.41	0.32
181.03	0	4	153.41	0.28
181.13	0	4	153.45	0.32
181.23	0	4	153.48	0.32
181.33	0	4	153.45	0.21
181.43	0	4	153.52	0.28
181.53	0	4	153.52	0.25
181.63	0	4	153.55	0.25
181.73	0	4	153.52	0.21
181.83	0	4	153.59	0.21
181.92	0	4	153.62	0.21
182.02	0	4	153.59	0.18
182.12	0	4	153.59	0.14
182.22	0	4	153.62	0.14
182.32	0	4	153.59	0.14
182.42	0	4	153.62	0.11
182.52	0	4	153.66	0.14
182.62	0	4	153.66	0.11
182.72	0	4	153.66	0.14
182.82	0	4	153.66	0.07
182.91	0	4	153.66	0.04
183.01	0	4	153.66	0.07
183.11	0	4	153.66	0.07
183.21	0	4	153.66	0.04
183.31	0	4	153.66	0.07
183.41	0	4	153.66	0.04
183.51	0	4	153.66	0.00
183.61	0	4	153.66	0.00
183.71	0	4	153.66	0.00
183.81	0	4	153.62	-0.04
183.91	0	4	153.62	-0.04
184.00	0	4	153.62	-0.04
184.10	0	4	153.62	-0.04
184.20	0	4	153.62	-0.04
184.30	0	4	153.59	-0.07
184.40	0	4	153.55	-0.11
184.50	0	4	153.52	-0.14
184.60	0	4	153.52	-0.14
184.70	0	4	153.52	-0.14
184.80	0	4	153.48	-0.14
184.90	0	4	153.48	-0.14
185.00	0	4	153.48	-0.14
185.10	0	4	153.48	-0.14
185.19	0	4	153.41	-0.21
185.29	0	4	153.41	-0.18
185.39	0	4	153.41	-0.14
185.49	0	4	153.38	-0.14
185.59	0	4	153.34	-0.18
185.69	0	4	153.31	-0.21
185.79	0	4	153.31	-0.18
185.89	0	4	153.27	-0.21
185.99	0	4	153.24	-0.25
186.09	0	4	153.20	-0.28
186.18	0	4	153.17	-0.25
186.28	0	4	153.17	-0.25
186.38	0	4	153.13	-0.28
186.48	0	4	153.10	-0.28
186.58	0	4	153.10	-0.25
186.68	0	4	153.03	-0.28
186.78	0	4	153.03	-0.28
186.88	0	4	152.99	-0.28
186.98	0	4	152.99	-0.25
187.08	0	4	152.92	-0.28
187.17	0	4	152.89	-0.28
187.27	0	4	152.85	-0.32
187.37	0	4	152.82	-0.32
187.47	0	4	152.78	-0.32
187.57	0	4	152.74	-0.36
187.67	0	4	152.74	-0.28
187.77	0	4	152.67	-0.35
187.87	0	4	152.64	-0.35
187.97	0	4	152.60	-0.39
188.07	0	4	152.57	-0.36
188.17	0	4	152.57	-0.32
188.27	0	4	152.53	-0.32
188.36	0	4	152.46	-0.36
188.46	0	4	152.43	-0.35
188.56	0	4	152.39	-0.35
188.66	0	4	152.36	-0.39
188.76	0	4	152.29	-0.39
188.86	0	4	152.29	-0.36
188.96	0	4	152.22	-0.39
189.06	0	4	152.22	-0.35
189.16	0	4	152.15	-0.43
189.26	0	4	152.08	-0.46
189.36	0	4	152.04	-0.43
189.45	0	4	152.01	-0.43
189.55	0	4	151.97	-0.43
189.65	0	4	151.90	-0.46
189.75	0	4	151.87	-0.43
189.85	0	4	151.83	-0.46
189.95	0	4	151.80	-0.43
190.05	0	4	151.76	-0.46
190.15	0	4	151.69	-0.46
190.25	0	4	151.66	-0.43
190.35	0	4	151.62	-0.43
190.44	0	4	151.55	-0.46
190.54	0	4	151.51	-0.46
190.64	0	4	151.48	-0.43
190.74	0	4	151.41	-0.46
190.84	0	4	151.41	-0.43
190.94	0	4	151.30	-0.50
191.04	0	4	151.27	-0.50
191.14	0	4	151.23	-0.46
191.24	0	4	151.20	-0.46
191.34	0	4	151.13	-0.50
191.44	0	4	151.09	-0.46
191.53	0	4	151.06	-0.46
191.63	0	4	150.99	-0.50
191.73	0	4	150.95	-0.46
191.83	0	4	150.88	-0.53
191.93	0	4	150.85	-0.46
192.03	0	4	150.78	-0.50
192.13	0	4	150.74	-0.50
192.23	0	4	150.71	-0.50
192.33	0	4	150.64	-0.50
192.43	0	4	150.60	-0.50
192.52	0	4	150.53	-0.53
192.62	0	4	150.46	-0.53
192.72	0	4	150.39	-0.57
192.82	0	4	150.35	-0.53
192.92	0	4	150.28	-0.57
193.02	0	4	150.25	-0.53
193.12	0	4	150.21	-0.53
193.22	0	4	150.14	-0.57
193.32	0	4	150.11	-0.53
193.42	0	4	150.04	-0.57
193.52	0	4	149.97	-0.57
193.61	0	4	149.93	-0.53
193.71	0	4	149.86	-0.53
193.81	0	4	149.79	-0.57
193.91	0	4	149.72	-0.57
194.01	0	4	149.65	-0.60
194.11	0	4	149.62	-0.60
194.21	0	4	149.55	-0.60
194.31	0	4	149.51	-0.60
194.41	0	4	149.48	-0.57
194.51	0	4	149.37	-0.60
194.61	0	4	149.34	-0.60
194.70	1	4	149.27	-0.60
194.80	0	4	149.20	-0.60
194.90	0	4	149.16	-0.57
195.00	0	4	149.13	-0.53
195.10	0	4	149.05	-0.57
195.20	0	4	148.98	-0.57
195.30	0	4	148.95	-0.57
195.40	0	4	148.88	-0.60
195.50	0	4	148.81	-0.57
195.60	0	4	148.74	-0.60
195.70	0	4	148.67	-0.60
195.79	0	4	148.63	-0.57
195.89	0	4	148.56	-0.60
195.99	0	4	148.53	-0.60
196.09	0	4	148.46	-0.60
196.19	0	4	148.35	-0.64
196.29	0	4	148.32	-0.64
196.39	0	4	148.28	-0.60
196.49	0	4	148.21	-0.60
196.59	0	4	148.14	-0.60
196.69	0	4	148.07	-0.60
196.79	0	4	148.00	-0.64
196.88	0	4	147.93	-0.64
196.98	0	4	147.90	-0.64
197.08	0	4	147.83	-0.64
197.18	0	4	147.76	-0.60
197.28	0	4	147.72	-0.60
197.38	0	4	147.62	-0.67
197.48	0	4	147.54	-0.67
197.58	0	4	147.51	-0.64
197.68	0	4	147.44	-0.64
197.77	0	4	147.37	-0.64
197.87	0	4	147.30	-0.64
197.97	0	4	147.23	-0.67
198.07	0	4	147.16	-0.67
198.17	0	4	147.09	-0.67
198.27	0	4	147.02	-0.71
198.37	0	4	146.95	-0.67
198.47	0	4	146.91	-0.64
198.57	0	4	146.81	-0.71
198.67	0	4	146.74	-0.71
198.77	0	4	146.67	-0.71
198.86	0	4	146.63	-0.67
198.96	0	4	146.53	-0.71
199.06	0	4	146.49	-0.67
199.16	0	4	146.42	-0.67
199.26	0	4	146.35	-0.67
199.36	0	4	146.28	-0.67
199.46	0	4	146.25	-0.67
199.56	0	4	146.14	-0.67
199.66	0	4	146.07	-0.67
199.76	0	4	146.04	-0.64
199.86	0	4	145.93	-0.71
199.96	0	4	145.90	-0.64
200.05	0	4	145.83	-0.67
200.15	0	4	145.76	-0.67
200.25	0	4	145.68	-0.67
200.35	0	4	145.61	-0.67
200.45	0	4	145.51	-0.74
200.55	0	4	145.47	-0.67
200.65	0	4	145.37	-0.71
200.75	0	4	145.33	-0.71
200.85	0	4	145.26	-0.67
200.95	0	4	145.19	-0.71
201.05	0	4	145.12	-0.71
201.14	0	4	145.09	-0.67
201.24	0	4	144.98	-0.71
201.34	0	4	144.95	-0.67
201.44	0	4	144.84	-0.67
201.54	0	4	144.81	-0.67
201.64	0	4	144.77	-0.60
201.74	0	4	144.67	-0.67
201.84	0	4	144.60	-0.67
201.94	0	4	144.60	-0.60
202.04	0	4	144.49	-0.64
202.13	0	4	144.42	-0.67
202.23	0	4	144.35	-0.64
202.33	0	4	144.28	-0.67
202.43	0	4	144.21	-0.64
202.53	0	4	144.21	-0.60
202.63	0	4	144.11	-0.67
202.73	0	4	144.07	-0.60
202.83	0	4	143.97	-0.64
202.93	0	4	143.90	-0.71
203.03	0	4	143.86	-0.64
203.13	0	4	143.79	-0.64
203.22	0	4	143.72	-0.64
203.32	0	4	143.62	-0.67
203.42	0	4	143.62	-0.60
203.52	0	4	143.51	-0.71
203.62	0	4	143.44	-0.67
203.72	0	4	143.40	-0.67
203.82	0	4	143.33	-0.64
203.92	0	4	143.23	-0.67
204.02	0	4	143.23	-0.64
204.12	0	4	143.12	-0.67
204.22	0	4	143.09	-0.64
204.31	0	4	142.98	-0.64
204.41	0	4	142.95	-0.67
204.51	0	4	142.88	-0.64
204.61	0	4	142.84	-0.60
204.71	0	4	142.74	-0.67
204.81	0	4	142.70	-0.64
204.91	0	4	142.63	-0.60
205.01	0	4	142.56	-0.67
205.11	0	4	142.49	-0.64
205.21	0	4	142.42	-0.67
205.30	0	4	142.32	-0.67
205.40	0	4	142.28	-0.67
205.50	0	4	142.18	-0.71
205.60	0	4	142.14	-0.71
205.70	0	4	142.11	-0.64
205.80	0	4	142.04	-0.67
205.90	0	4	141.93	-0.71
206.00	0	4	141.90	-0.67
206.10	0	4	141.83	-0.67
206.20	0	4	141.76	-0.67
206.30	0	4	141.69	-0.64
206.39	0	4	141.62	-0.67
206.49	0	4	141.55	-0.64
206.59	0	4	141.44	-0.71
206.69	0	4	141.41	-0.71
206.79	0	4	141.30	-0.74
206.89	0	4	141.27	-0.67
206.99	0	4	141.20	-0.71
207.09	0	4	141.13	-0.71
207.19	0	4	141.06	-0.71
207.29	0	4	140.99	-0.71
207.38	0	4	140.92	-0.71
207.48	0	4	140.85	-0.71
207.58	0	4	140.78	-0.67
207.68	0	4	140.74	-0.67
207.78	0	4	140.64	-0.67
207.88	0	4	140.57	-0.71
207.98	0	4	140.50	-0.71
208.08	0	4	140.43	-0.71
208.18	0	4	140.36	-0.71
208.28	0	4	140.29	-0.71
208.38	0	4	140.22	-0.71
208.48	0	4	140.15	-0.71
208.57	0	4	140.08	-0.71
208.67	0	4	140.01	-0.74
208.77	0	4	139.94	-0.71
208.87	0	4	139.87	-0.71
208.97	0	4	139.80	-0.71
209.07	0	4	139.76	-0.67
209.17	0	4	139.69	-0.67
209.27	0	4	139.66	-0.64
209.37	0	4	139.59	-0.64
209.47	0	4	139.45	-0.71
209.56	0	4	139.41	-0.67
209.66	0	4	139.38	-0.64
209.76	0	4	139.31	-0.64
209.86	0	4	139.20	-0.67
209.96	0	4	139.13	-0.67
210.06	0	4	139.06	-0.71
210.16	0	4	139.03	-0.67
210.26	0	4	138.96	-0.71
210.36	0	4	138.89	-0.71
210.46	0	4	138.82	-0.64
210.55	0	4	138.75	-0.67
210.66	0	4	138.67	-0.71
210.75	0	4	138.61	-0.71
210.85	0	4	138.54	-0.67
210.95	0	4	138.46	-0.67
211.05	0	4	138.39	-0.67
211.15	0	4	138.33	-0.71
211.25	0	4	138.29	-0.67
211.35	0	4	138.18	-0.71
211.45	0	4	138.11	-0.71
211.55	0	4	138.05	-0.71
211.65	0	4	137.97	-0.71
211.74	0	4	137.90	-0.71
211.84	0	4	137.87	-0.67
211.94	0	4	137.80	-0.67
212.04	0	4	137.69	-0.71
212.14	0	4	137.66	-0.67
212.24	0	4	137.55	-0.74
212.34	0	4	137.52	-0.67
212.44	0	4	137.45	-0.67
212.54	0	4	137.38	-0.67
212.64	0	4	137.27	-0.71
212.74	0	4	137.20	-0.71
212.83	0	4	137.13	-0.74
212.93	0	4	137.06	-0.74
213.03	0	4	137.03	-0.67
213.13	0	4	136.96	-0.71
213.23	0	4	136.86	-0.71
213.33	0	4	136.79	-0.74
213.43	0	4	136.71	-0.74
213.53	0	4	136.64	-0.74
213.63	0	4	136.58	-0.71
213.73	0	4	136.51	-0.71
213.83	0	4	136.44	-0.71
213.92	0	4	136.36	-0.71
214.02	0	4	136.30	-0.74
214.12	0	4	136.23	-0.74
214.22	0	4	136.16	-0.71
214.32	0	4	136.05	-0.74
214.42	0	4	136.02	-0.71
214.52	0	4	135.95	-0.71
214.62	0	4	135.88	-0.71
214.72	0	4	135.77	-0.74
214.82	0	4	135.70	-0.74
214.91	0	4	135.67	-0.71
215.01	0	4	135.56	-0.74
215.11	0	4	135.53	-0.71
215.21	0	4	135.46	-0.71
215.31	0	4	135.39	-0.67
215.41	0	4	135.28	-0.74
215.51	0	4	135.21	-0.74
215.61	0	4	135.14	-0.74
215.71	0	4	135.07	-0.71
215.81	0	4	135.04	-0.67
215.91	0	4	134.93	-0.74
216.00	0	4	134.86	-0.71
216.10	0	4	134.79	-0.74
216.20	0	4	134.72	-0.74
216.30	0	4	134.65	-0.74
216.40	0	4	134.58	-0.71
216.50	0	4	134.51	-0.71
216.60	0	4	134.44	-0.71
216.70	0	4	134.41	-0.67
216.80	0	4	134.34	-0.71
216.90	0	4	134.23	-0.71
217.00	0	4	134.16	-0.71
217.09	0	4	134.09	-0.71
217.19	0	4	134.06	-0.67
217.29	0	4	133.95	-0.71
217.39	0	4	133.92	-0.67
217.49	0	4	133.85	-0.67
217.59	0	4	133.78	-0.67
217.69	0	4	133.71	-0.70
217.79	0	4	133.64	-0.71
217.89	0	4	133.57	-0.67
217.99	0	4	133.50	-0.67
218.09	0	4	133.43	-0.67
218.18	0	4	133.36	-0.71
218.28	0	4	133.29	-0.67
218.38	0	4	133.25	-0.67
218.48	0	4	133.15	-0.71
218.58	0	4	133.08	-0.70
218.68	0	4	133.01	-0.71
218.78	0	4	132.94	-0.71
218.88	0	4	132.90	-0.67
218.98	0	4	132.83	-0.67
219.08	0	4	132.73	-0.71
219.17	0	4	132.66	-0.71
219.27	0	4	132.59	-0.71
219.37	0	4	132.52	-0.74
219.47	0	4	132.45	-0.71
219.57	0	4	132.38	-0.71
219.67	0	4	132.31	-0.71
219.77	0	4	132.20	-0.74
219.87	1	4	132.17	-0.74
219.97	0	4	132.10	-0.74
220.07	0	4	132.03	-0.71
220.17	0	4	131.96	-0.70
220.26	0	4	131.86	-0.74
220.36	0	4	131.79	-0.74
220.46	0	4	131.72	-0.74
220.56	0	4	131.65	-0.74
220.66	0	4	131.58	-0.74
220.76	0	4	131.51	-0.71
220.86	0	4	131.40	-0.78
220.96	0	4	131.37	-0.74
221.06	0	4	131.30	-0.74
221.16	0	4	131.23	-0.74
221.26	0	4	131.16	-0.71
221.36	0	4	131.09	-0.70
221.45	0	4	131.02	-0.71
221.55	0	4	130.95	-0.71
221.65	0	4	130.88	-0.70
221.75	0	4	130.77	-0.74
221.85	0	4	130.70	-0.71
221.95	0	4	130.63	-0.74
222.05	0	4	130.56	-0.74
222.15	0	4	130.49	-0.74
222.25	0	4	130.42	-0.74
222.35	0	4	130.32	-0.78
222.44	0	4	130.28	-0.74
222.54	0	4	130.21	-0.74
222.64	0	4	130.14	-0.74
222.74	0	4	130.04	-0.74
222.84	0	4	130.00	-0.70
222.94	0	4	129.90	-0.74
223.04	0	4	129.83	-0.74
223.14	0	4	129.76	-0.74
223.24	0	4	129.69	-0.74
223.34	0	4	129.65	-0.67
223.43	0	4	129.55	-0.74
223.53	0	4	129.52	-0.70
223.63	0	4	129.41	-0.74
223.73	0	4	129.34	-0.71
223.83	0	4	129.27	-0.74
223.93	0	4	129.20	-0.70
224.03	0	4	129.13	-0.70
224.13	0	4	129.06	-0.70
224.23	0	4	128.99	-0.71
224.33	0	4	128.96	-0.70
224.43	0	4	128.89	-0.67
224.52	0	4	128.78	-0.74
224.62	0	4	128.75	-0.67
224.72	0	4	128.64	-0.70
224.82	0	4	128.61	-0.67
224.92	0	4	128.50	-0.71
225.02	0	4	128.47	-0.67
225.12	0	4	128.40	-0.67
225.22	0	4	128.29	-0.70
225.32	0	4	128.26	-0.71
225.42	0	4	128.19	-0.71
225.52	0	4	128.12	-0.67
225.61	0	4	128.08	-0.67
225.71	0	4	127.98	-0.67
225.81	0	4	127.94	-0.67
225.91	0	4	127.87	-0.63
226.01	0	4	127.80	-0.67
226.11	0	4	127.70	-0.71
226.21	0	4	127.70	-0.60
226.31	0	4	127.63	-0.63
226.41	0	4	127.56	-0.63
226.51	0	4	127.49	-0.63
226.61	0	4	127.42	-0.67
226.70	0	4	127.35	-0.63
226.80	0	4	127.28	-0.67
226.90	0	4	127.21	-0.67
227.00	0	4	127.14	-0.67
227.10	0	4	127.11	-0.60
227.20	0	4	127.04	-0.67
227.30	0	4	126.97	-0.67
227.40	0	4	126.90	-0.67
227.50	0	4	126.86	-0.63
227.60	0	4	126.79	-0.63
227.69	0	4	126.65	-0.70
227.79	0	4	126.62	-0.67
227.89	0	4	126.55	-0.67
227.99	0	4	126.51	-0.63
228.09	0	4	126.41	-0.70
228.19	0	4	126.34	-0.70
228.29	0	4	126.27	-0.70
228.39	0	4	126.23	-0.67
228.49	0	4	126.17	-0.70
228.59	0	4	126.10	-0.70
228.69	0	4	125.99	-0.67
228.79	0	4	125.92	-0.70
228.88	0	4	125.85	-0.70
228.98	0	4	125.78	-0.74
229.08	0	4	125.75	-0.67
229.18	0	4	125.64	-0.70
229.28	0	4	125.61	-0.67
229.38	0	4	125.54	-0.70
229.48	0	4	125.47	-0.70
229.58	0	4	125.40	-0.70
229.68	0	4	125.29	-0.70
229.77	0	4	125.26	-0.67
229.87	0	4	125.15	-0.70
229.97	0	4	125.08	-0.70
230.07	0	4	125.05	-0.70
230.17	0	4	124.94	-0.70
230.27	0	4	124.88	-0.74
230.37	0	4	124.77	-0.77
230.47	0	4	124.74	-0.74
230.57	0	4	124.67	-0.74
230.67	0	4	124.60	-0.70
230.77	0	4	124.53	-0.74
230.86	0	4	124.46	-0.70
230.96	0	4	124.39	-0.70
231.06	0	4	124.32	-0.74
231.16	0	4	124.21	-0.74
231.26	0	4	124.14	-0.74
231.36	0	4	124.11	-0.67
231.46	0	4	124.04	-0.70
231.56	0	4	123.97	-0.70
231.66	0	4	123.90	-0.70
231.76	0	4	123.79	-0.74
231.86	0	4	123.76	-0.70
231.95	0	4	123.69	-0.70
232.05	0	4	123.62	-0.70
232.15	0	4	123.55	-0.67
232.25	0	4	123.48	-0.67
232.35	0	4	123.41	-0.70
232.45	0	4	123.34	-0.70
232.55	0	4	123.27	-0.70
232.65	0	4	123.24	-0.67
232.75	0	4	123.13	-0.67
232.85	0	4	123.06	-0.70
232.95	0	4	122.99	-0.70
233.05	0	4	122.89	-0.74
233.14	0	4	122.89	-0.67
233.24	0	4	122.78	-0.70
233.34	0	4	122.71	-0.70
233.44	0	4	122.68	-0.67
233.54	0	4	122.61	-0.67
233.64	0	4	122.54	-0.70
233.74	0	4	122.44	-0.70
233.84	0	4	122.37	-0.70
233.94	0	4	122.33	-0.67
234.04	0	4	122.26	-0.63
234.13	0	4	122.16	-0.74
234.23	0	4	122.12	-0.67
234.33	0	4	122.05	-0.67
234.43	0	4	122.02	-0.67
234.53	0	4	121.91	-0.70
234.63	0	4	121.88	-0.67
234.73	0	4	121.77	-0.67
234.83	0	4	121.74	-0.63
234.93	0	4	121.63	-0.70
235.02	0	4	121.60	-0.67
235.12	0	4	121.53	-0.63
235.22	0	4	121.43	-0.70
235.32	0	4	121.36	-0.70
235.42	0	4	121.36	-0.67
235.52	0	4	121.25	-0.67
235.62	0	4	121.18	-0.70
235.72	0	4	121.11	-0.67
235.82	0	4	121.08	-0.67
235.92	0	4	121.04	-0.60
236.02	0	4	120.90	-0.70
236.12	0	4	120.87	-0.67
236.21	0	4	120.83	-0.60
236.31	0	4	120.76	-0.60
236.41	0	4	120.66	-0.70
236.51	0	4	120.62	-0.63
236.61	0	4	120.55	-0.63
236.71	0	4	120.45	-0.67
236.81	0	4	120.42	-0.67
236.91	0	4	120.35	-0.70
237.01	0	4	120.28	-0.63
237.11	0	4	120.21	-0.67
237.21	0	4	120.14	-0.70
237.30	0	4	120.07	-0.70
237.40	0	4	120.00	-0.67
237.50	0	4	119.96	-0.67
237.60	0	4	119.89	-0.67
237.70	0	4	119.82	-0.63
237.80	0	4	119.75	-0.67
237.90	0	4	119.68	-0.67
238.00	0	4	119.65	-0.63
238.10	0	4	119.55	-0.67
238.20	0	4	119.48	-0.67
238.30	0	4	119.41	-0.67
238.39	0	4	119.37	-0.63
238.49	0	4	119.30	-0.67
238.59	0	4	119.23	-0.67
238.69	0	4	119.16	-0.67
238.79	0	4	119.13	-0.63
238.89	0	4	119.02	-0.67
238.99	0	4	118.99	-0.67
239.09	0	4	118.92	-0.63
239.19	0	4	118.85	-0.63
239.29	0	4	118.78	-0.63
239.38	0	4	118.71	-0.67
239.48	0	4	118.68	-0.63
239.58	0	4	118.61	-0.63
239.68	0	4	118.57	-0.60
239.78	0	4	118.47	-0.67
239.88	0	4	118.43	-0.60
239.98	0	4	118.36	-0.63
240.08	0	4	118.29	-0.63
240.18	0	4	118.26	-0.60
240.28	0	4	118.19	-0.60
240.38	0	4	118.12	-0.60
240.47	0	4	118.05	-0.63
240.57	0	4	118.01	-0.60
240.67	0	4	117.91	-0.67
240.77	0	4	117.84	-0.63
240.87	0	4	117.77	-0.67
240.97	0	4	117.74	-0.63
241.07	0	4	117.67	-0.63
241.17	0	4	117.60	-0.67
241.27	0	4	117.53	-0.67
241.37	0	4	117.46	-0.67
241.47	0	4	117.39	-0.67
241.56	0	4	117.35	-0.67
241.66	0	4	117.28	-0.63
241.76	0	4	117.21	-0.63
241.86	0	4	117.14	-0.63
241.96	0	4	117.11	-0.63
242.06	0	4	117.01	-0.67
242.16	0	4	116.94	-0.67
242.26	0	4	116.90	-0.63
242.36	0	4	116.80	-0.67
242.46	0	4	116.76	-0.63
242.55	0	4	116.69	-0.67
242.65	0	4	116.62	-0.67
242.75	0	4	116.55	-0.67
242.85	0	4	116.48	-0.67
242.95	0	4	116.41	-0.70
243.05	0	4	116.34	-0.67
243.15	0	4	116.31	-0.63
243.25	0	4	116.24	-0.67
243.35	0	4	116.17	-0.63
243.45	0	4	116.07	-0.70
243.55	0	4	116.03	-0.67
243.64	0	4	116.00	-0.63
243.74	0	4	115.89	-0.67
243.84	0	4	115.86	-0.63
243.94	0	4	115.79	-0.63
244.04	0	4	115.72	-0.63
244.14	0	4	115.65	-0.67
244.24	0	4	115.58	-0.67
244.34	0	4	115.55	-0.63
244.44	0	4	115.44	-0.63
244.54	0	4	115.41	-0.63
244.63	0	4	115.34	-0.67
244.74	0	4	115.27	-0.63
244.83	0	4	115.23	-0.63
244.93	0	4	115.16	-0.63
245.03	1	4	115.13	-0.60
245.13	0	4	115.02	-0.63
245.23	0	4	114.99	-0.60
245.33	0	4	114.92	-0.63
245.43	0	4	114.88	-0.56
245.53	0	4	114.82	-0.60
245.63	0	4	114.71	-0.63
245.73	0	4	114.68	-0.60
245.82	0	4	114.61	-0.63
245.92	0	4	114.57	-0.60
246.02	0	4	114.54	-0.60
246.12	0	4	114.43	-0.60
246.22	0	4	114.40	-0.60
246.32	0	4	114.29	-0.63
246.42	0	4	114.22	-0.67
246.52	0	4	114.22	-0.60
246.62	0	4	114.12	-0.60
246.72	0	4	114.09	-0.60
246.81	0	4	114.02	-0.60
246.91	0	4	113.95	-0.63
247.01	0	4	113.88	-0.67
247.11	0	4	113.84	-0.60
247.21	0	4	113.77	-0.63
247.31	0	4	113.74	-0.56
247.41	0	4	113.67	-0.56
247.51	0	4	113.60	-0.63
247.61	0	4	113.53	-0.60
247.71	0	4	113.46	-0.63
247.81	0	4	113.39	-0.63
247.91	0	4	113.36	-0.60
248.00	0	4	113.32	-0.56
248.10	0	4	113.25	-0.60
248.20	0	4	113.18	-0.60
248.30	0	4	113.15	-0.60
248.40	0	4	113.08	-0.60
248.50	0	4	113.01	-0.60
248.60	0	4	112.94	-0.60
248.70	0	4	112.90	-0.56
248.80	0	4	112.83	-0.56
248.90	0	4	112.77	-0.60
248.99	0	4	112.73	-0.60
249.09	0	4	112.66	-0.60
249.19	0	4	112.63	-0.56
249.29	0	4	112.52	-0.63
249.39	0	4	112.49	-0.60
249.49	0	4	112.42	-0.60
249.59	0	4	112.35	-0.60
249.69	0	4	112.31	-0.60
249.79	0	4	112.24	-0.60
249.89	0	4	112.21	-0.56
249.99	0	4	112.14	-0.60
250.08	0	4	112.07	-0.60
250.18	0	4	112.04	-0.60
250.28	0	4	111.93	-0.60
250.38	0	4	111.90	-0.60
250.48	0	4	111.83	-0.60
250.58	0	4	111.79	-0.56
250.68	0	4	111.72	-0.60
250.78	0	4	111.65	-0.60
250.88	0	4	111.58	-0.63
250.98	0	4	111.52	-0.63
251.07	0	4	111.48	-0.60
251.17	0	4	111.41	-0.63
251.27	0	4	111.38	-0.56
251.37	0	4	111.31	-0.60
251.47	0	4	111.27	-0.56
251.57	0	4	111.20	-0.60
251.67	0	4	111.13	-0.60
251.77	0	4	111.06	-0.60
251.87	0	4	111.03	-0.56
251.97	0	4	110.96	-0.56
252.07	0	4	110.89	-0.60
252.16	0	4	110.86	-0.56
252.26	0	4	110.82	-0.56
252.36	0	4	110.75	-0.56
252.46	0	4	110.68	-0.59
252.56	0	4	110.61	-0.60
252.66	0	4	110.58	-0.56
252.76	0	4	110.54	-0.53
252.86	0	4	110.44	-0.60
252.96	0	4	110.40	-0.56
253.06	0	4	110.30	-0.60
253.16	0	4	110.23	-0.63
253.25	0	4	110.23	-0.60
253.35	0	4	110.16	-0.59
253.45	0	4	110.09	-0.60
253.55	0	4	110.06	-0.56
253.65	0	4	109.95	-0.63
253.75	0	4	109.92	-0.63
253.85	0	4	109.85	-0.60
253.95	0	4	109.81	-0.60
254.05	0	4	109.74	-0.56
254.15	0	4	109.71	-0.53
254.24	0	4	109.64	-0.60
254.34	0	4	109.57	-0.60
254.44	0	4	109.50	-0.60
254.54	0	4	109.47	-0.60
254.64	0	4	109.40	-0.56
254.74	0	4	109.36	-0.56
254.84	0	4	109.29	-0.56
254.94	0	4	109.22	-0.60
255.04	0	4	109.16	-0.60
255.14	0	4	109.12	-0.60
255.24	0	4	109.05	-0.59
255.33	0	4	108.98	-0.60
255.43	0	4	108.95	-0.56
255.53	0	4	108.88	-0.60
255.63	0	4	108.84	-0.56
255.73	0	4	108.77	-0.60
255.83	0	4	108.74	-0.56
255.93	0	4	108.67	-0.56
256.03	0	4	108.63	-0.53
256.13	0	4	108.57	-0.56
256.23	0	4	108.50	-0.56
256.33	0	4	108.46	-0.53
256.42	0	4	108.39	-0.56
256.52	0	4	108.36	-0.53
256.62	0	4	108.29	-0.56
256.72	0	4	108.25	-0.53
256.82	0	4	108.18	-0.56
256.92	0	4	108.11	-0.56
257.02	0	4	108.08	-0.56
257.12	0	4	108.01	-0.56
257.22	0	4	107.98	-0.53
257.32	0	4	107.91	-0.56
257.42	0	4	107.87	-0.53
257.51	0	4	107.80	-0.56
257.61	0	4	107.73	-0.56
257.71	0	4	107.70	-0.56
257.81	0	4	107.63	-0.56
257.91	0	4	107.59	-0.52
258.01	0	4	107.52	-0.56
258.11	0	4	107.46	-0.56
258.21	0	4	107.42	-0.56
258.31	0	4	107.35	-0.56
258.41	0	4	107.28	-0.59
258.50	0	4	107.25	-0.56
258.60	0	4	107.21	-0.53
258.70	0	4	107.14	-0.56
258.80	0	4	107.11	-0.53
258.90	0	4	107.04	-0.56
259.00	0	4	106.97	-0.56
259.10	0	4	106.90	-0.56
259.20	0	4	106.87	-0.56
259.30	0	4	106.83	-0.53
259.40	0	4	106.76	-0.53
259.50	0	4	106.69	-0.56
259.60	0	4	106.66	-0.56
259.69	0	4	106.62	-0.53
259.79	0	4	106.52	-0.60
259.89	0	4	106.48	-0.56
259.99	0	4	106.42	-0.56
260.09	0	4	106.38	-0.53
260.19	0	4	106.31	-0.56
260.29	0	4	106.24	-0.59
260.39	0	4	106.21	-0.56
260.49	0	4	106.14	-0.56
260.58	0	4	106.10	-0.56
260.68	0	4	106.07	-0.56
260.78	0	4	106.00	-0.52
260.88	0	4	105.93	-0.56
260.98	0	4	105.86	-0.56
261.08	0	4	105.86	-0.52
261.18	0	4	105.79	-0.53
261.28	0	4	105.69	-0.56
261.38	0	4	105.65	-0.56
261.48	0	4	105.62	-0.52
261.58	0	4	105.55	-0.56
261.67	0	4	105.48	-0.59
261.77	0	4	105.44	-0.56
261.87	0	4	105.34	-0.59
261.97	0	4	105.31	-0.56
262.07	0	4	105.27	-0.59
262.17	0	4	105.20	-0.59
262.27	0	4	105.13	-0.56
262.37	0	4	105.10	-0.56
262.47	0	4	105.06	-0.56
262.57	0	4	104.96	-0.59
262.67	0	4	104.92	-0.56
262.76	0	4	104.86	-0.59
262.86	0	4	104.82	-0.52
262.96	0	4	104.79	-0.52
263.06	0	4	104.72	-0.56
263.16	0	4	104.65	-0.56
263.26	0	4	104.61	-0.52
263.36	0	4	104.54	-0.56
263.46	0	4	104.44	-0.63
263.56	0	4	104.41	-0.56
263.66	0	4	104.37	-0.56
263.76	0	4	104.30	-0.56
263.86	0	4	104.23	-0.59
263.95	0	4	104.16	-0.63
264.05	0	4	104.13	-0.59
264.15	0	4	104.06	-0.59
264.25	0	4	104.02	-0.59
264.35	0	4	103.95	-0.59
264.45	0	4	103.85	-0.59
264.55	0	4	103.85	-0.56
264.65	0	4	103.78	-0.59
264.75	0	4	103.71	-0.59
264.85	0	4	103.64	-0.59
264.94	0	4	103.57	-0.59
265.04	0	4	103.54	-0.59
265.14	0	4	103.47	-0.59
265.24	0	4	103.44	-0.59
265.34	0	4	103.37	-0.59
265.44	0	4	103.30	-0.56
265.54	0	4	103.23	-0.63
265.64	0	4	103.19	-0.59
265.74	0	4	103.12	-0.59
265.84	0	4	103.05	-0.59
265.93	0	4	103.02	-0.56
266.03	0	4	102.95	-0.59
266.13	0	4	102.88	-0.59
266.23	0	4	102.85	-0.59
266.33	0	4	102.78	-0.59
266.43	0	4	102.71	-0.59
266.53	0	4	102.64	-0.59
266.63	0	4	102.60	-0.59
266.73	0	4	102.53	-0.59
266.83	0	4	102.47	-0.59
266.93	0	4	102.43	-0.59
267.02	0	4	102.36	-0.59
267.12	0	4	102.33	-0.56
267.22	0	4	102.26	-0.59
267.32	0	4	102.19	-0.59
267.42	0	4	102.15	-0.56
267.52	0	4	102.08	-0.56
267.62	0	4	102.02	-0.59
267.72	0	4	101.98	-0.56
267.82	0	4	101.91	-0.56
267.92	0	4	101.88	-0.56
268.02	0	4	101.77	-0.59
268.11	0	4	101.70	-0.63
268.21	0	4	101.67	-0.59
268.31	0	4	101.60	-0.59
268.41	0	4	101.57	-0.59
268.51	0	4	101.46	-0.63
268.61	0	4	101.43	-0.59
268.71	0	4	101.36	-0.63
268.81	0	4	101.29	-0.63
268.91	0	4	101.25	-0.63
269.01	0	4	101.18	-0.59
269.11	0	4	101.15	-0.56
269.20	0	4	101.08	-0.59
269.30	0	4	101.01	-0.59
269.40	0	4	100.98	-0.59
269.50	0	4	100.91	-0.56
269.60	0	4	100.84	-0.59
269.70	0	4	100.77	-0.59
269.80	0	4	100.73	-0.56
269.90	0	4	100.67	-0.59
270.00	0	4	100.63	-0.56
270.10	0	4	100.56	-0.59
270.19	1	4	100.49	-0.59
270.29	0	4	100.46	-0.56
270.39	0	4	100.42	-0.56
270.49	0	4	100.35	-0.56
270.59	0	4	100.28	-0.56
270.69	0	4	100.25	-0.52
270.79	0	4	100.18	-0.56
270.89	0	4	100.15	-0.52
270.99	0	4	100.08	-0.56
271.09	0	4	100.01	-0.56
271.19	0	4	99.97	-0.52
271.29	0	4	99.90	-0.56
271.38	0	4	99.84	-0.59
271.48	0	4	99.80	-0.56
271.58	0	4	99.77	-0.52
271.68	0	4	99.73	-0.52
271.78	0	4	99.66	-0.52
271.88	0	4	99.59	-0.56
271.98	0	4	99.56	-0.52
272.08	0	4	99.49	-0.52
272.18	0	4	99.42	-0.56
272.27	0	4	99.39	-0.52
272.37	0	4	99.32	-0.52
272.47	0	4	99.25	-0.56
272.57	0	4	99.21	-0.56
272.67	0	4	99.14	-0.59
272.77	0	4	99.11	-0.56
272.87	0	4	99.04	-0.56
272.97	0	4	99.01	-0.56
273.07	0	4	98.94	-0.56
273.17	0	4	98.87	-0.56
273.26	0	4	98.83	-0.56
273.36	0	4	98.76	-0.56
273.46	0	4	98.69	-0.56
273.56	0	4	98.62	-0.59
273.66	0	4	98.59	-0.56
273.76	0	4	98.52	-0.59
273.86	0	4	98.49	-0.56
273.96	0	4	98.45	-0.56
274.06	0	4	98.38	-0.56
274.16	0	4	98.31	-0.56
274.25	0	4	98.28	-0.56
274.35	0	4	98.21	-0.56
274.45	0	4	98.14	-0.56
274.55	0	4	98.11	-0.52
274.65	0	4	98.04	-0.56
274.75	0	4	98.00	-0.52
274.85	0	4	97.93	-0.56
274.95	0	4	97.86	-0.59
275.05	0	4	97.83	-0.56
275.14	0	4	97.76	-0.56
275.25	0	4	97.73	-0.56
275.34	0	4	97.66	-0.56
275.44	0	4	97.59	-0.56
275.54	0	4	97.55	-0.56
275.64	0	4	97.48	-0.56
275.74	0	4	97.45	-0.56
275.84	0	4	97.35	-0.59
275.94	0	4	97.31	-0.56
276.04	0	4	97.28	-0.56
276.14	0	4	97.21	-0.56
276.23	0	4	97.17	-0.56
276.33	0	4	97.10	-0.56
276.43	0	4	97.03	-0.56
276.53	0	4	97.00	-0.56
276.63	0	4	96.93	-0.56
276.73	0	4	96.90	-0.56
276.83	0	4	96.79	-0.56
276.93	0	4	96.79	-0.52
277.03	0	4	96.69	-0.59
277.13	0	4	96.62	-0.59
277.23	0	4	96.62	-0.56
277.32	0	4	96.55	-0.56
277.42	0	4	96.52	-0.52
277.52	0	4	96.45	-0.56
277.62	0	4	96.41	-0.52
277.72	0	4	96.34	-0.56
277.82	0	4	96.27	-0.52
277.92	0	4	96.24	-0.56
278.02	0	4	96.17	-0.52
278.12	0	4	96.14	-0.49
278.22	0	4	96.10	-0.52
278.32	0	4	96.03	-0.52
278.41	0	4	96.00	-0.52
278.51	0	4	95.93	-0.52
278.61	0	4	95.86	-0.56
278.71	0	4	95.82	-0.52
278.81	0	4	95.79	-0.49
278.91	0	4	95.72	-0.52
279.01	0	4	95.69	-0.49
279.11	0	4	95.62	-0.52
279.20	0	4	95.55	-0.56
279.30	0	4	95.48	-0.56
279.40	0	4	95.44	-0.56
279.50	0	4	95.41	-0.52
279.60	0	4	95.34	-0.52
279.70	0	4	95.34	-0.49
279.80	0	4	95.27	-0.52
279.90	0	4	95.20	-0.52
280.00	0	4	95.20	-0.49
280.10	0	4	95.10	-0.52
280.20	0	4	95.03	-0.52
280.29	0	4	95.00	-0.49
280.39	0	4	94.93	-0.52
280.49	0	4	94.89	-0.52
280.59	0	4	94.82	-0.52
280.69	0	4	94.82	-0.52
280.79	0	4	94.75	-0.52
280.89	0	4	94.68	-0.52
280.99	0	4	94.65	-0.56
281.09	0	4	94.62	-0.49
281.19	0	4	94.55	-0.49
281.28	0	4	94.48	-0.52
281.38	0	4	94.44	-0.49
281.48	0	4	94.37	-0.52
281.58	0	4	94.30	-0.52
281.68	0	4	94.27	-0.56
281.78	0	4	94.20	-0.56
281.88	0	4	94.17	-0.52
281.98	0	4	94.13	-0.52
282.08	0	4	94.10	-0.52
282.17	0	4	94.06	-0.49
282.27	0	4	93.96	-0.52
282.37	0	4	93.92	-0.52
282.47	0	4	93.89	-0.49
282.57	0	4	93.82	-0.49
282.67	0	4	93.79	-0.49
282.77	0	4	93.72	-0.49
282.87	0	4	93.68	-0.49
282.97	0	4	93.65	-0.49
283.07	0	4	93.58	-0.52
283.17	0	4	93.58	-0.49
283.27	0	4	93.51	-0.45
283.36	0	4	93.44	-0.49
283.46	0	4	93.44	-0.45
283.56	0	4	93.37	-0.45
283.66	0	4	93.34	-0.45
283.76	0	4	93.27	-0.45
283.86	0	4	93.23	-0.45
283.96	0	4	93.16	-0.49
284.06	0	4	93.13	-0.45
284.16	0	4	93.10	-0.49
284.26	0	4	93.03	-0.49
284.35	0	4	92.99	-0.45
284.45	0	4	92.96	-0.49
284.55	0	4	92.92	-0.45
284.65	0	4	92.85	-0.49
284.75	0	4	92.82	-0.45
284.85	0	4	92.75	-0.49
284.95	0	4	92.68	-0.49
285.05	0	4	92.68	-0.45
285.15	0	4	92.61	-0.49
285.25	0	4	92.54	-0.49
285.34	0	4	92.51	-0.49
285.44	0	4	92.47	-0.49
285.54	0	4	92.44	-0.49
285.64	0	4	92.37	-0.49
285.74	0	4	92.30	-0.52
285.84	0	4	92.27	-0.49
285.94	0	4	92.23	-0.45
286.04	0	4	92.20	-0.49
286.14	0	4	92.13	-0.49
286.23	0	4	92.09	-0.45
286.33	0	4	92.06	-0.45
286.43	0	4	91.99	-0.49
286.53	0	4	91.96	-0.49
286.63	0	4	91.89	-0.49
286.73	0	4	91.82	-0.49
286.83	0	4	91.78	-0.49
286.93	0	4	91.72	-0.52
287.03	0	4	91.68	-0.52
287.13	0	4	91.65	-0.49
287.23	0	4	91.58	-0.52
287.32	0	4	91.54	-0.52
287.42	0	4	91.51	-0.49
287.52	0	4	91.44	-0.52
287.62	0	4	91.40	-0.49
287.72	0	4	91.37	-0.45
287.82	0	4	91.30	-0.49
287.92	0	4	91.27	-0.45
288.02	0	4	91.23	-0.45
288.12	0	4	91.16	-0.49
288.22	0	4	91.09	-0.49
288.31	0	4	91.06	-0.49
288.41	0	4	90.99	-0.52
288.51	0	4	90.96	-0.49
288.61	0	4	90.92	-0.49
288.71	0	4	90.85	-0.52
288.81	0	4	90.82	-0.49
288.91	0	4	90.78	-0.49
289.01	0	4	90.71	-0.52
289.11	0	4	90.68	-0.49
289.21	0	4	90.61	-0.49
289.30	0	4	90.58	-0.49
289.40	0	4	90.54	-0.45
289.50	0	4	90.47	-0.49
289.60	0	4	90.44	-0.49
289.70	0	4	90.40	-0.45
289.80	0	4	90.37	-0.45
289.90	0	4	90.30	-0.49
290.00	0	4	90.27	-0.45
290.10	0	4	90.23	-0.45
290.20	0	4	90.20	-0.42
290.29	0	4	90.13	-0.45
290.39	0	4	90.06	-0.49
290.49	0	4	90.02	-0.45
290.59	0	4	89.99	-0.45
290.69	0	4	89.92	-0.49
290.79	0	4	89.89	-0.49
290.89	0	4	89.85	-0.45
290.99	0	4	89.82	-0.45
291.09	0	4	89.78	-0.45
291.19	0	4	89.71	-0.49
291.29	0	4	89.68	-0.45
291.38	0	4	89.61	-0.45
291.48	0	4	89.58	-0.45
291.58	0	4	89.58	-0.42
291.68	0	4	89.51	-0.42
291.78	0	4	89.47	-0.42
291.88	0	4	89.40	-0.45
291.98	0	4	89.37	-0.45
292.08	0	4	89.30	-0.49
292.17	0	4	89.27	-0.45
292.27	0	4	89.23	-0.45
292.37	0	4	89.20	-0.42
292.47	0	4	89.13	-0.45
292.57	0	4	89.13	-0.45
292.67	0	4	89.09	-0.42
292.77	0	4	89.02	-0.45
292.87	0	4	88.96	-0.45
292.97	0	4	88.92	-0.45
293.07	0	4	88.89	-0.42
293.17	0	4	88.89	-0.38
293.27	0	4	88.82	-0.42
293.36	0	4	88.75	-0.45
293.46	0	4	88.71	-0.42
293.56	0	4	88.68	-0.45
293.66	0	4	88.64	-0.45
293.76	0	4	88.58	-0.45
293.86	0	4	88.54	-0.42
293.96	0	4	88.51	-0.42
294.06	0	4	88.44	-0.45
294.16	0	4	88.40	-0.49
294.26	0	4	88.37	-0.45
294.35	0	4	88.33	-0.42
294.45	0	4	88.30	-0.42
294.55	0	4	88.23	-0.45
294.65	0	4	88.20	-0.45
294.75	0	4	88.16	-0.42
294.85	0	4	88.09	-0.45
294.95	0	4	88.06	-0.45
295.05	0	4	88.02	-0.42
295.15	0	4	87.99	-0.42
295.24	0	4	87.96	-0.42
295.34	0	4	87.92	-0.42
295.44	0	4	87.85	-0.45
295.54	0	4	87.82	-0.42
295.64	0	4	87.75	-0.45
295.74	0	4	87.71	-0.45
295.84	0	4	87.71	-0.38
295.94	0	4	87.65	-0.42
296.04	0	4	87.61	-0.42
296.14	0	4	87.58	-0.42
296.23	0	4	87.51	-0.45
296.33	0	4	87.47	-0.45
296.43	0	4	87.40	-0.45
296.53	0	4	87.40	-0.42
296.63	0	4	87.33	-0.42
296.73	0	4	87.30	-0.42
296.83	0	4	87.23	-0.49
296.93	0	4	87.20	-0.45
297.03	0	4	87.13	-0.49
297.13	0	4	87.13	-0.45
297.23	0	4	87.06	-0.45
297.32	0	4	87.02	-0.45
297.42	0	4	86.99	-0.42
297.52	0	4	86.96	-0.45
297.62	0	4	86.89	-0.45
297.72	0	4	86.85	-0.45
297.82	0	4	86.82	-0.42
297.92	0	4	86.75	-0.45
298.02	0	4	86.71	-0.42
298.12	0	4	86.68	-0.45
298.22	0	4	86.61	-0.45
298.31	0	4	86.58	-0.45
298.41	0	4	86.54	-0.45
298.51	0	4	86.51	-0.45
298.61	0	4	86.44	-0.45
298.71	0	4	86.40	-0.45
298.81	0	4	86.37	-0.45
298.91	0	4	86.34	-0.42
299.01	0	4	86.27	-0.45
299.11	0	4	86.23	-0.45
299.20	0	4	86.16	-0.45
299.30	0	4	86.13	-0.45
299.40	0	4	86.06	-0.49
299.50	0	4	86.06	-0.45
299.60	0	4	85.99	-0.45
299.70	0	4	85.96	-0.45
299.80	0	4	85.89	-0.49
299.90	0	4	85.85	-0.49
300.00	0	4	85.82	-0.45
300.10	0	4	85.75	-0.49
300.20	0	4	85.75	-0.42
300.30	0	4	85.68	-0.45
300.39	0	4	85.65	-0.42
300.49	0	4	85.61	-0.45
300.59	0	4	85.58	-0.42
300.69	0	4	85.51	-0.45
300.79	0	4	85.47	-0.42
300.89	0	4	85.41	-0.45
300.99	0	4	85.37	-0.45
301.09	0	4	85.34	-0.42
301.19	0	4	85.27	-0.49
301.29	0	4	85.23	-0.45
301.38	0	4	85.23	-0.42
301.48	0	4	85.13	-0.49
301.58	0	4	85.10	-0.49
301.68	0	4	85.06	-0.45
301.78	0	4	85.03	-0.45
301.88	0	4	84.96	-0.45
301.98	0	4	84.92	-0.45
302.08	0	4	84.85	-0.49
302.18	0	4	84.82	-0.45
302.27	0	4	84.82	-0.42
302.37	0	4	84.72	-0.52
302.47	0	4	84.72	-0.42
302.57	0	4	84.65	-0.45
302.67	0	4	84.58	-0.49
302.77	0	4	84.58	-0.45
302.87	0	4	84.51	-0.45
302.97	0	4	84.44	-0.49
303.07	0	4	84.44	-0.42
303.17	0	4	84.37	-0.45
303.26	0	4	84.34	-0.49
303.36	0	4	84.27	-0.45
303.46	0	4	84.23	-0.49
303.56	0	4	84.20	-0.45
303.66	0	4	84.17	-0.42
303.76	1	4	84.13	-0.45
303.86	0	4	84.06	-0.45
303.96	0	4	84.03	-0.42
304.06	0	4	83.96	-0.49
304.16	0	4	83.92	-0.45
304.26	0	4	83.89	-0.45
304.35	0	4	83.82	-0.45
304.45	0	4	83.79	-0.45
304.55	0	4	83.75	-0.45
304.65	0	4	83.72	-0.45
304.75	0	4	83.65	-0.49
304.85	0	4	83.61	-0.45
304.95	0	4	83.55	-0.49
305.05	0	4	83.51	-0.45
305.15	0	4	83.48	-0.45
305.25	0	4	83.44	-0.45
305.34	0	4	83.37	-0.45
305.44	0	4	83.37	-0.42
305.54	0	4	83.30	-0.45
305.64	0	4	83.24	-0.49
305.74	0	4	83.20	-0.45
305.84	0	4	83.20	-0.42
305.94	0	4	83.13	-0.42
306.04	0	4	83.10	-0.42
306.14	0	4	83.03	-0.45
306.23	0	4	83.00	-0.45
306.33	0	4	82.96	-0.42
306.43	0	4	82.89	-0.49
306.53	0	4	82.86	-0.45
306.63	0	4	82.82	-0.42
306.73	0	4	82.82	-0.38
306.83	0	4	82.72	-0.49
306.93	0	4	82.69	-0.45
307.03	0	4	82.65	-0.45
307.13	0	4	82.62	-0.42
307.23	0	4	82.62	-0.38
307.32	0	4	82.58	-0.38
307.42	0	4	82.51	-0.38
307.52	0	4	82.48	-0.38
307.62	0	4	82.41	-0.42
307.72	0	4	82.38	-0.45
307.82	0	4	82.34	-0.38
307.92	0	4	82.27	-0.42
308.02	0	4	82.27	-0.38
308.12	0	4	82.24	-0.38
308.22	0	4	82.17	-0.45
308.32	0	4	82.10	-0.49
308.41	0	4	82.10	-0.42
308.51	0	4	82.03	-0.45
308.61	0	4	82.03	-0.38
308.71	0	4	81.96	-0.42
308.81	0	4	81.93	-0.42
308.91	0	4	81.89	-0.38
309.01	0	4	81.86	-0.42
309.11	0	4	81.83	-0.42
309.21	0	4	81.76	-0.42
309.30	0	4	81.72	-0.38
309.40	0	4	81.72	-0.38
309.50	0	4	81.62	-0.42
309.60	0	4	81.62	-0.42
309.70	0	4	81.58	-0.38
309.80	0	4	81.52	-0.42
309.90	0	4	81.48	-0.42
310.00	0	4	81.45	-0.42
310.10	0	4	81.41	-0.42
310.20	0	4	81.34	-0.42
310.30	0	4	81.31	-0.42
310.39	0	4	81.27	-0.45
310.49	0	4	81.24	-0.38
310.59	0	4	81.21	-0.42
310.69	0	4	81.14	-0.45
310.79	0	4	81.10	-0.42
310.89	0	4	81.07	-0.42
310.99	0	4	81.03	-0.42
311.09	0	4	80.96	-0.45
311.19	0	4	80.93	-0.42
311.28	0	4	80.90	-0.42
311.38	0	4	80.86	-0.42
311.48	0	4	80.83	-0.42
311.58	0	4	80.76	-0.45
311.68	0	4	80.72	-0.42
311.78	0	4	80.69	-0.42
311.88	0	4	80.66	-0.42
311.98	0	4	80.59	-0.45
312.08	0	4	80.55	-0.42
312.18	0	4	80.52	-0.42
312.27	0	4	80.48	-0.42
312.37	0	4	80.45	-0.42
312.47	0	4	80.41	-0.42
312.57	0	4	80.38	-0.38
312.67	0	4	80.31	-0.42
312.77	0	4	80.24	-0.45
312.87	0	4	80.28	-0.38
312.97	0	4	80.21	-0.38
313.07	0	4	80.14	-0.42
313.17	0	4	80.14	-0.38
313.27	0	4	80.07	-0.42
313.36	0	4	80.04	-0.42
313.46	0	4	80.00	-0.42
313.56	0	4	79.97	-0.42
313.66	0	4	79.93	-0.38
313.76	0	4	79.86	-0.38
313.86	0	4	79.83	-0.45
313.96	0	4	79.76	-0.45
314.06	0	4	79.76	-0.38
314.16	0	4	79.73	-0.42
314.26	0	4	79.66	-0.42
314.35	0	4	79.62	-0.42
314.45	0	4	79.62	-0.38
314.55	0	4	79.55	-0.42
314.65	0	4	79.49	-0.45
314.75	0	4	79.49	-0.38
314.85	0	4	79.42	-0.42
314.95	0	4	79.42	-0.35
315.05	0	4	79.35	-0.42
315.15	0	4	79.31	-0.42
315.25	0	4	79.25	-0.42
315.34	0	4	79.21	-0.42
315.44	0	4	79.18	-0.45
315.54	0	4	79.14	-0.42
315.64	0	4	79.07	-0.42
315.74	0	4	79.04	-0.45
315.84	0	4	79.00	-0.42
315.94	0	4	78.97	-0.45
316.04	0	4	78.94	-0.42
316.14	0	4	78.87	-0.45
316.23	0	4	78.87	-0.38
316.33	0	4	78.80	-0.42
316.43	0	4	78.76	-0.42
316.53	0	4	78.73	-0.42
316.63	0	4	78.70	-0.38
316.73	0	4	78.63	-0.42
316.83	0	4	78.59	-0.42
316.93	0	4	78.56	-0.42
317.03	0	4	78.56	-0.38
317.13	0	4	78.49	-0.38
317.23	0	4	78.45	-0.42
317.33	0	4	78.39	-0.42
317.42	0	4	78.35	-0.42
317.52	0	4	78.32	-0.42
317.62	0	4	78.28	-0.42
317.72	0	4	78.25	-0.38
317.82	0	4	78.21	-0.38
317.92	0	4	78.18	-0.38
318.02	0	4	78.11	-0.45
318.12	0	4	78.11	-0.38
318.22	0	4	78.04	-0.42
318.32	0	4	78.01	-0.38
