1.83	0	31.83	0.00
2.01	0	31.80	0.00
2.19	0	31.80	-0.02
2.37	0	31.80	-0.02
2.55	0	31.83	0.02
2.73	0	31.80	-0.02
2.91	0	31.83	0.02
3.09	0	31.80	-0.02
3.26	0	31.83	0.00
3.44	0	31.80	-0.01
3.62	0	31.80	-0.02
3.80	0	31.80	0.00
3.98	0	31.80	0.00
4.16	0	31.80	0.00
4.34	0	31.80	-0.02
4.51	0	31.80	0.00
4.69	0	31.76	-0.04
4.87	0	31.80	0.00
5.05	0	31.80	-0.02
5.23	0	31.80	0.00
5.41	0	31.76	-0.02
5.59	0	31.80	0.00
5.77	0	31.80	0.00
5.95	0	31.80	0.00
6.12	0	31.80	0.00
6.30	0	31.76	-0.02
6.48	0	31.80	0.02
6.66	0	31.80	0.00
6.84	0	31.76	-0.02
7.02	0	31.76	-0.02
7.20	0	31.80	0.02
7.38	0	31.80	0.00
7.55	0	31.80	0.00
7.73	0	31.76	-0.02
7.91	0	31.76	-0.02
8.09	0	31.76	0.00
8.27	0	31.80	0.00
8.45	0	31.76	-0.02
8.63	0	31.76	0.00
8.81	0	31.80	0.02
8.98	0	31.80	0.00
9.16	0	31.76	-0.02
9.34	0	31.76	-0.02
9.52	0	31.76	0.00
9.70	0	31.73	-0.02
9.88	0	31.76	0.00
10.06	1	31.76	-0.02
10.24	1	31.73	-0.02
10.42	1	31.73	-0.02
10.59	1	31.76	-0.02
10.77	1	31.73	-0.04
10.95	1	31.76	0.00
11.13	1	31.76	0.00
11.31	1	31.76	0.00
11.49	1	31.80	0.04
11.67	1	31.76	0.00
11.85	1	31.76	0.00
12.02	1	31.76	0.02
12.20	1	31.76	0.02
12.38	1	31.76	0.00
12.56	1	31.73	0.00
12.74	1	31.76	0.00
12.92	1	31.73	-0.02
13.10	1	31.76	0.00
13.28	1	31.76	-0.02
13.46	1	31.76	0.00
13.63	1	31.73	-0.02
13.81	1	31.76	0.00
13.99	1	31.76	0.00
14.17	1	31.76	0.00
14.35	1	31.73	0.00
14.53	1	31.73	-0.02
14.71	1	31.73	0.00
14.89	1	31.76	0.00
15.06	1	31.76	0.00
15.24	1	31.73	-0.02
15.42	1	31.76	0.02
15.60	1	31.76	0.00
15.78	1	31.73	-0.02
15.96	1	31.73	-0.02
16.14	1	31.73	0.00
16.32	1	31.76	0.02
16.50	1	31.73	0.00
16.67	1	31.76	0.00
16.85	1	31.76	0.00
17.03	1	31.73	0.00
17.21	1	31.73	-0.02
17.39	1	31.73	-0.02
17.57	1	31.76	0.02
17.75	1	31.73	0.00
17.93	1	31.73	0.00
18.10	1	31.73	-0.02
18.28	1	31.73	0.00
18.46	1	31.73	-0.02
18.64	1	31.76	0.00
18.82	1	31.73	0.00
19.00	1	31.73	0.00
19.18	1	31.73	0.00
19.36	1	31.73	-0.02
19.54	1	31.73	0.00
19.71	1	31.76	0.02
19.89	1	31.73	0.00
20.07	1	31.73	0.00
20.25	1	31.73	0.00
20.43	1	31.76	0.00
20.61	1	31.73	0.00
20.79	1	31.76	0.02
20.97	1	31.76	0.02
21.14	1	31.76	0.02
21.32	1	31.73	0.00
21.50	1	31.73	-0.02
21.68	1	31.76	0.02
21.86	1	31.73	0.00
22.04	1	31.80	0.04
22.22	1	31.76	0.00
22.40	1	31.80	0.04
22.58	1	31.76	0.00
22.75	1	31.76	0.00
22.93	1	31.80	0.02
23.11	1	31.76	0.02
23.29	1	31.80	0.04
23.47	1	31.80	0.02
23.65	1	31.83	0.06
23.83	1	31.80	0.00
24.01	1	31.83	0.04
24.19	1	31.83	0.02
24.36	1	31.83	0.04
24.54	1	31.86	0.06
24.72	1	31.86	0.04
24.90	1	31.86	0.06
25.08	1	31.83	0.02
25.26	1	31.86	0.04
25.44	1	31.90	0.04
25.62	1	31.90	0.06
25.80	1	31.90	0.04
25.97	1	31.90	0.04
26.15	1	31.93	0.06
26.33	1	31.93	0.04
26.51	1	31.93	0.04
26.69	1	31.97	0.06
26.87	1	31.97	0.08
27.05	1	31.97	0.06
27.23	1	31.97	0.04
27.41	1	32.00	0.06
27.58	1	32.03	0.08
27.76	1	32.00	0.06
27.94	1	32.00	0.04
28.12	1	32.03	0.06
28.30	1	32.07	0.08
28.48	1	32.10	0.08
28.66	1	32.10	0.08
28.84	1	32.10	0.08
29.02	1	32.10	0.08
29.19	1	32.14	0.08
29.37	1	32.14	0.06
29.55	1	32.17	0.09
29.73	1	32.17	0.09
29.91	1	32.17	0.08
30.09	1	32.20	0.08
30.27	1	32.20	0.06
30.45	1	32.24	0.08
30.62	1	32.27	0.09
30.80	1	32.30	0.11
30.98	1	32.27	0.08
31.16	1	32.34	0.11
31.34	1	32.30	0.08
31.52	1	32.37	0.11
31.70	1	32.37	0.11
31.88	1	32.37	0.09
32.06	1	32.41	0.11
32.24	1	32.44	0.11
32.41	1	32.44	0.09
32.59	1	32.44	0.08
32.77	1	32.47	0.11
32.95	1	32.51	0.09
33.13	1	32.51	0.11
33.31	1	32.58	0.11
33.49	1	32.58	0.11
33.67	1	32.58	0.11
33.85	1	32.61	0.11
34.02	1	32.61	0.09
34.20	1	32.64	0.11
34.38	1	32.68	0.13
34.56	1	32.68	0.11
34.74	1	32.71	0.11
34.92	1	32.75	0.13
35.10	1	32.78	0.11
35.28	1	32.81	0.13
35.46	1	32.85	0.15
35.63	1	32.88	0.15
35.81	1	32.91	0.17
35.99	1	32.91	0.15
36.17	1	32.95	0.15
36.35	1	32.95	0.15
36.53	1	33.02	0.17
36.71	1	33.05	0.17
36.89	1	33.08	0.17
37.06	1	33.08	0.15
37.24	1	33.12	0.15
37.42	1	33.15	0.15
37.60	1	33.19	0.15
37.78	1	33.22	0.17
37.96	1	33.25	0.17
38.14	1	33.29	0.19
38.32	1	33.32	0.17
38.50	1	33.32	0.15
38.67	1	33.39	0.17
38.85	1	33.39	0.17
39.03	1	33.46	0.19
39.21	1	33.46	0.17
39.39	1	33.53	0.19
39.57	1	33.56	0.19
39.75	1	33.63	0.21
39.93	1	33.66	0.21
40.11	1	33.69	0.21
40.28	1	33.69	0.21
40.46	1	33.73	0.19
40.64	1	33.76	0.21
40.82	1	33.80	0.19
41.00	1	33.86	0.23
41.18	1	33.86	0.19
41.36	1	33.93	0.21
41.54	1	33.97	0.19
41.72	1	34.00	0.19
41.89	1	34.03	0.19
42.07	1	34.10	0.23
42.25	1	34.10	0.21
42.43	1	34.17	0.23
42.61	1	34.20	0.23
42.79	1	34.24	0.21
42.97	1	34.27	0.23
43.15	1	34.34	0.23
43.33	1	34.34	0.21
43.50	1	34.41	0.23
43.68	1	34.41	0.21
43.86	1	34.47	0.21
44.04	1	34.51	0.23
44.22	1	34.54	0.21
44.40	1	34.58	0.21
44.58	1	34.64	0.23
44.76	1	34.68	0.23
44.94	1	34.75	0.23
45.11	1	34.78	0.25
45.29	1	34.85	0.25
45.47	1	34.88	0.27
45.65	1	34.95	0.27
45.83	1	34.98	0.27
46.01	1	34.98	0.25
46.19	1	35.09	0.28
46.37	1	35.12	0.27
46.54	1	35.15	0.27
46.72	1	35.19	0.25
46.90	1	35.26	0.27
47.08	1	35.29	0.25
47.26	1	35.36	0.27
47.44	1	35.39	0.25
47.62	1	35.46	0.27
47.80	1	35.53	0.30
47.98	1	35.59	0.28
48.15	1	35.63	0.28
48.33	1	35.66	0.28
48.51	1	35.70	0.28
48.69	1	35.76	0.28
48.87	1	35.83	0.30
49.05	1	35.90	0.30
49.23	1	35.93	0.30
49.41	1	36.00	0.30
49.59	1	36.04	0.28
49.76	1	36.10	0.28
49.94	1	36.14	0.28
50.12	1	36.21	0.30
50.30	1	36.27	0.32
50.48	1	36.31	0.30
50.66	1	36.38	0.30
50.84	1	36.41	0.28
51.02	1	36.48	0.30
51.20	1	36.54	0.30
51.38	1	36.61	0.32
51.55	1	36.65	0.30
51.73	1	36.71	0.32
51.91	1	36.82	0.34
52.09	1	36.85	0.32
52.27	1	36.95	0.36
52.45	1	36.99	0.34
52.63	1	37.09	0.38
52.81	1	37.09	0.34
52.98	1	37.16	0.34
53.16	1	37.22	0.34
53.34	1	37.29	0.36
53.52	1	37.36	0.36
53.70	1	37.39	0.32
53.88	1	37.46	0.34
54.06	1	37.56	0.34
54.24	1	37.60	0.34
54.42	1	37.70	0.34
54.59	1	37.73	0.36
54.77	1	37.80	0.36
54.95	1	37.87	0.36
55.13	1	37.97	0.38
55.31	1	38.04	0.38
55.49	1	38.11	0.40
55.67	1	38.17	0.40
55.85	1	38.24	0.38
56.03	1	38.31	0.40
56.20	1	38.34	0.36
56.38	1	38.45	0.40
56.56	1	38.51	0.40
56.74	1	38.58	0.40
56.92	1	38.65	0.38
57.10	1	38.72	0.38
57.28	1	38.82	0.40
57.46	1	38.85	0.38
57.63	1	38.96	0.40
57.81	1	39.02	0.40
57.99	1	39.13	0.44
58.17	1	39.19	0.42
58.35	1	39.26	0.42
58.53	1	39.33	0.42
58.71	1	39.43	0.44
58.89	1	39.50	0.44
59.07	1	39.60	0.44
59.24	1	39.63	0.44
59.42	1	39.74	0.44
59.60	1	39.80	0.44
59.78	1	39.91	0.44
59.96	1	39.97	0.44
60.14	1	40.04	0.44
60.32	1	40.11	0.44
60.50	1	40.18	0.42
60.68	1	40.28	0.44
60.85	1	40.38	0.44
61.03	1	40.45	0.46
61.21	1	40.52	0.44
61.39	1	40.62	0.46
61.57	1	40.69	0.44
61.75	1	40.79	0.46
61.93	1	40.86	0.46
62.11	1	40.93	0.46
62.29	1	41.03	0.47
62.47	1	41.10	0.46
62.64	1	41.20	0.46
62.82	1	41.27	0.46
63.00	1	41.33	0.46
63.18	1	41.44	0.46
63.36	1	41.54	0.47
63.54	1	41.61	0.46
63.72	1	41.67	0.46
63.90	1	41.78	0.47
64.07	1	41.84	0.46
64.25	1	41.95	0.48
64.43	1	42.01	0.46
64.61	1	42.12	0.48
64.79	1	42.22	0.49
64.97	1	42.32	0.49
65.15	1	42.39	0.48
65.33	1	42.49	0.49
65.50	1	42.59	0.51
65.68	1	42.69	0.51
65.86	1	42.76	0.51
66.04	1	42.90	0.53
66.22	1	43.00	0.55
66.40	1	43.03	0.51
66.58	1	43.17	0.53
66.76	1	43.24	0.51
66.94	1	43.34	0.53
67.11	1	43.44	0.53
67.29	1	43.51	0.51
67.47	1	43.65	0.53
67.65	1	43.75	0.55
67.83	1	43.85	0.53
68.01	1	43.95	0.53
68.19	1	44.05	0.57
68.37	1	44.16	0.55
68.55	1	44.26	0.57
68.72	1	44.36	0.57
68.90	1	44.46	0.57
69.08	1	44.56	0.59
69.26	1	44.70	0.59
69.44	1	44.80	0.59
69.62	1	44.91	0.59
69.80	1	45.01	0.59
69.98	1	45.11	0.59
70.16	1	45.21	0.59
70.33	1	45.35	0.61
70.51	1	45.42	0.59
70.69	1	45.52	0.59
70.87	1	45.65	0.61
71.05	1	45.76	0.59
71.23	1	45.86	0.59
71.41	1	45.96	0.59
71.59	1	46.10	0.61
71.77	1	46.20	0.61
71.94	1	46.33	0.63
72.12	1	46.40	0.59
72.30	1	46.54	0.63
72.48	1	46.67	0.65
72.66	1	46.78	0.63
72.84	1	46.91	0.65
73.02	1	47.02	0.65
73.20	1	47.12	0.65
73.37	1	47.25	0.65
73.55	1	47.36	0.65
73.73	1	47.49	0.65
73.91	1	47.59	0.67
74.09	1	47.73	0.67
74.27	1	47.87	0.67
74.45	1	47.97	0.67
74.63	1	48.11	0.67
74.81	1	48.17	0.65
74.98	1	48.34	0.69
75.16	1	48.45	0.67
75.34	1	48.58	0.69
75.52	1	48.68	0.67
75.70	1	48.82	0.69
75.88	1	48.92	0.67
76.06	1	49.06	0.67
76.24	1	49.20	0.69
76.42	1	49.30	0.67
76.59	1	49.43	0.70
76.77	1	49.54	0.67
76.95	1	49.71	0.70
77.13	1	49.81	0.69
77.31	1	49.94	0.70
77.49	1	50.08	0.70
77.67	1	50.18	0.71
77.85	1	50.32	0.70
78.03	1	50.42	0.69
78.20	1	50.56	0.71
78.38	1	50.66	0.69
78.56	1	50.83	0.72
78.74	1	50.97	0.71
78.92	1	51.07	0.70
79.10	1	51.21	0.71
79.28	1	51.34	0.71
79.46	1	51.44	0.70
79.64	1	51.58	0.71
79.81	1	51.72	0.72
79.99	1	51.85	0.72
80.17	1	51.99	0.74
80.35	1	52.09	0.71
80.53	1	52.26	0.72
80.71	1	52.40	0.74
80.89	1	52.54	0.74
81.07	1	52.64	0.72
81.25	1	52.77	0.74
81.43	1	52.91	0.74
81.60	1	53.05	0.74
81.78	1	53.15	0.72
81.96	1	53.32	0.74
82.14	1	53.42	0.74
82.32	1	53.63	0.76
82.50	1	53.73	0.74
82.68	1	53.90	0.76
82.86	1	54.00	0.76
83.04	1	54.14	0.76
83.21	1	54.31	0.78
83.39	1	54.45	0.78
83.57	1	54.58	0.80
83.75	1	54.72	0.78
83.93	1	54.89	0.82
84.11	1	55.03	0.78
84.29	1	55.16	0.80
84.46	1	55.30	0.78
84.64	1	55.50	0.84
84.82	1	55.61	0.82
85.00	1	55.74	0.80
85.18	1	55.95	0.84
85.36	1	56.08	0.84
85.54	1	56.22	0.84
85.72	1	56.36	0.82
85.90	1	56.49	0.82
86.07	1	56.63	0.82
86.25	1	56.80	0.84
86.43	1	56.94	0.80
86.61	1	57.08	0.82
86.79	1	57.25	0.84
86.97	1	57.38	0.80
87.15	1	57.55	0.82
87.33	1	57.66	0.80
87.51	1	57.86	0.84
87.69	1	58.00	0.84
87.86	1	58.17	0.86
88.04	1	58.30	0.84
88.22	1	58.44	0.84
88.40	1	58.58	0.84
88.58	1	58.78	0.86
88.76	1	58.92	0.86
88.94	1	59.06	0.84
89.12	1	59.19	0.86
89.29	1	59.36	0.84
89.47	1	59.50	0.84
89.65	1	59.64	0.82
89.83	1	59.81	0.84
90.01	1	59.98	0.86
90.19	1	60.15	0.88
90.37	1	60.29	0.84
90.55	1	60.46	0.86
90.73	1	60.59	0.86
90.90	1	60.73	0.86
91.08	1	60.94	0.88
91.26	1	61.07	0.88
91.44	1	61.28	0.92
91.62	1	61.42	0.90
91.80	1	61.55	0.88
91.98	1	61.76	0.90
92.16	1	61.89	0.90
92.34	1	62.06	0.90
92.51	1	62.24	0.92
92.69	1	62.37	0.92
92.87	1	62.58	0.92
93.05	1	62.72	0.92
93.23	1	62.92	0.92
93.41	1	63.06	0.92
93.59	1	63.23	0.94
93.77	1	63.40	0.92
93.94	1	63.57	0.94
94.12	1	63.74	0.94
94.30	1	63.88	0.92
94.48	1	64.05	0.94
94.66	1	64.25	0.94
94.84	1	64.39	0.94
95.02	1	64.56	0.92
95.20	1	64.70	0.92
95.38	1	64.91	0.94
95.55	1	65.08	0.94
95.73	1	65.25	0.94
95.91	1	65.38	0.92
96.09	1	65.56	0.94
96.27	1	65.76	0.96
96.45	1	65.90	0.92
96.63	1	66.07	0.94
96.81	1	66.24	0.94
96.99	1	66.41	0.96
97.16	1	66.58	0.94
97.34	1	66.72	0.92
97.52	1	66.93	0.94
97.70	1	67.06	0.94
97.88	1	67.27	0.96
98.06	1	67.41	0.92
98.24	1	67.61	0.96
98.42	1	67.78	0.96
98.60	1	67.95	0.96
98.78	1	68.12	0.96
98.95	1	68.30	0.96
99.13	1	68.47	0.98
99.31	1	68.64	0.96
99.49	1	68.81	0.98
99.67	1	68.95	0.94
99.85	1	69.12	0.96
100.03	1	69.32	0.96
100.21	1	69.50	0.96
100.38	1	69.67	0.96
100.56	1	69.87	0.98
100.74	1	70.04	0.98
100.92	1	70.22	0.98
101.10	1	70.39	0.98
101.28	1	70.56	0.98
101.46	1	70.73	1.00
101.64	1	70.90	1.00
101.82	1	71.07	0.98
102.00	1	71.24	0.98
102.17	1	71.45	1.00
102.35	1	71.62	0.98
102.53	1	71.83	1.00
102.71	1	72.00	1.00
102.89	1	72.14	0.98
103.07	1	72.31	0.98
103.25	1	72.51	1.00
103.43	1	72.69	1.00
103.61	1	72.89	1.02
103.78	1	73.06	1.02
103.96	1	73.20	0.98
104.14	1	73.41	1.00
104.32	1	73.58	0.98
104.50	1	73.78	1.00
104.68	1	73.92	1.00
104.86	1	74.09	1.00
105.04	1	74.30	1.00
105.22	1	74.47	1.00
105.39	1	74.61	0.96
105.57	1	74.81	0.98
105.75	1	75.02	1.02
105.93	1	75.19	1.00
106.11	1	75.36	1.00
106.29	1	75.53	0.98
106.47	1	75.71	1.00
106.65	1	75.88	1.00
106.83	1	76.05	0.98
107.00	1	76.26	1.00
107.18	1	76.43	1.02
107.36	1	76.60	1.00
107.54	1	76.77	0.98
107.72	1	76.94	0.98
107.90	1	77.15	1.00
108.08	1	77.32	1.00
108.26	1	77.53	1.02
108.44	1	77.73	1.04
108.61	1	77.87	1.02
108.79	1	78.04	1.00
108.97	1	78.21	1.00
109.15	1	78.42	1.02
109.33	1	78.59	1.02
109.51	1	78.80	1.04
109.69	1	78.97	1.02
109.87	1	79.14	1.02
110.05	1	79.35	1.02
110.22	1	79.49	0.98
110.40	1	79.73	1.04
110.58	1	79.90	1.04
110.76	1	80.07	1.04
110.94	1	80.24	1.02
111.12	1	80.45	1.04
111.30	1	80.66	1.04
111.48	1	80.83	1.04
111.66	1	81.00	1.04
111.84	1	81.21	1.04
112.01	1	81.38	1.06
112.19	1	81.62	1.06
112.37	1	81.79	1.06
112.55	1	81.96	1.06
112.73	1	82.17	1.08
112.91	1	82.38	1.08
113.09	1	82.58	1.08
113.27	1	82.75	1.08
113.44	1	82.93	1.08
113.62	1	83.10	1.06
113.80	1	83.30	1.08
113.98	1	83.51	1.06
114.16	1	83.72	1.08
114.34	1	83.89	1.08
114.52	1	84.10	1.08
114.70	1	84.27	1.06
114.88	1	84.48	1.06
115.06	1	84.68	1.08
115.23	1	84.85	1.08
115.41	1	85.10	1.12
115.59	1	85.27	1.10
115.77	1	85.47	1.10
115.95	1	85.65	1.08
116.13	1	85.85	1.10
116.31	1	86.06	1.10
116.49	1	86.27	1.12
116.67	1	86.44	1.10
116.84	1	86.65	1.10
117.02	1	86.89	1.14
117.20	1	87.02	1.08
117.38	1	87.23	1.10
117.56	1	87.40	1.08
117.74	1	87.65	1.12
117.92	1	87.85	1.12
118.10	1	88.02	1.10
118.28	1	88.23	1.10
118.46	1	88.40	1.10
118.63	1	88.61	1.10
118.81	1	88.82	1.08
118.99	1	88.99	1.10
119.17	1	89.20	1.10
119.35	1	89.40	1.12
119.53	1	89.58	1.08
119.71	1	89.78	1.08
119.89	1	89.99	1.10
120.07	1	90.20	1.10
120.25	1	90.37	1.10
120.42	1	90.58	1.10
120.60	1	90.78	1.10
120.78	1	90.99	1.12
120.96	1	91.20	1.12
121.14	1	91.40	1.12
121.32	1	91.58	1.12
121.50	1	91.78	1.12
121.68	1	91.99	1.12
121.86	1	92.20	1.12
122.03	1	92.41	1.14
122.21	1	92.61	1.14
122.39	1	92.82	1.14
122.57	1	93.03	1.14
122.75	1	93.23	1.14
122.93	1	93.44	1.14
123.11	1	93.61	1.14
123.29	1	93.82	1.14
123.46	1	94.03	1.14
123.64	1	94.20	1.12
123.82	1	94.41	1.12
124.00	1	94.65	1.14
124.18	1	94.86	1.14
124.36	1	95.03	1.12
124.54	1	95.24	1.12
124.72	1	95.44	1.12
124.90	1	95.69	1.16
125.07	1	95.89	1.16
125.25	1	96.10	1.16
125.43	1	96.27	1.16
125.61	1	96.48	1.16
125.79	1	96.69	1.14
125.97	1	96.90	1.14
126.15	1	97.14	1.18
126.33	1	97.31	1.16
126.51	1	97.52	1.16
126.69	1	97.73	1.14
126.86	1	97.90	1.12
127.04	1	98.14	1.14
127.22	1	98.31	1.14
127.40	1	98.56	1.16
127.58	1	98.73	1.14
127.76	1	98.97	1.16
127.94	1	99.14	1.12
128.12	1	99.35	1.14
128.30	1	99.56	1.14
128.48	1	99.80	1.16
128.65	1	100.01	1.18
128.83	1	100.18	1.14
129.01	1	100.39	1.16
129.19	1	100.60	1.14
129.37	1	100.80	1.16
129.55	1	101.01	1.14
129.73	1	101.22	1.16
129.91	1	101.43	1.16
130.09	1	101.60	1.14
130.27	1	101.81	1.12
130.44	1	102.05	1.14
130.62	1	102.22	1.14
130.80	1	102.43	1.14
130.98	1	102.60	1.12
131.16	1	102.81	1.12
131.34	1	103.05	1.14
131.52	1	103.23	1.12
131.70	1	103.44	1.12
131.88	1	103.64	1.14
132.05	1	103.85	1.14
132.23	1	104.06	1.12
132.41	1	104.27	1.14
132.59	1	104.47	1.14
132.77	1	104.68	1.16
132.95	1	104.89	1.16
133.13	1	105.06	1.12
133.31	1	105.31	1.16
133.49	1	105.48	1.14
133.66	1	105.72	1.16
133.85	1	105.93	1.16
134.02	1	106.14	1.16
134.20	1	106.31	1.14
134.38	1	106.55	1.16
134.56	1	106.73	1.14
134.74	1	106.94	1.14
134.92	1	107.18	1.18
135.10	1	107.35	1.14
135.28	1	107.56	1.16
135.46	1	107.80	1.16
135.63	1	107.98	1.14
135.81	1	108.18	1.14
135.99	1	108.39	1.16
136.17	1	108.60	1.14
136.35	1	108.84	1.18
136.53	1	109.02	1.16
136.71	1	109.22	1.14
136.89	1	109.43	1.16
137.07	1	109.68	1.18
137.25	1	109.88	1.16
137.42	1	110.09	1.18
137.60	1	110.30	1.18
137.78	1	110.54	1.20
137.96	1	110.75	1.20
138.14	1	110.92	1.16
138.32	1	111.13	1.18
138.50	1	111.38	1.20
138.68	1	111.55	1.18
138.86	1	111.76	1.16
139.03	1	111.93	1.14
139.21	1	112.17	1.16
139.39	1	112.38	1.16
139.57	1	112.56	1.13
139.75	1	112.77	1.13
139.93	1	113.01	1.16
140.11	1	113.22	1.16
140.29	1	113.43	1.14
140.47	0	113.63	1.16
140.65	0	113.84	1.16
140.82	0	114.02	1.16
141.00	0	114.22	1.14
141.18	0	114.43	1.15
141.36	0	114.68	1.18
141.54	0	114.88	1.18
141.72	0	115.06	1.15
141.90	0	115.27	1.15
142.08	0	115.44	1.13
142.26	0	115.68	1.15
142.44	0	115.89	1.15
142.61	0	116.10	1.17
142.79	0	116.28	1.15
142.97	0	116.52	1.17
143.15	0	116.73	1.15
143.33	0	116.90	1.13
143.51	0	117.11	1.15
143.69	0	117.35	1.17
143.87	0	117.56	1.19
144.05	0	117.77	1.17
144.23	0	117.98	1.17
144.40	0	118.19	1.17
144.58	0	118.40	1.19
144.76	0	118.64	1.19
144.94	0	118.81	1.17
145.12	0	119.06	1.21
145.30	0	119.30	1.22
145.48	0	119.51	1.21
145.66	0	119.72	1.21
145.84	0	119.93	1.21
146.02	0	120.17	1.22
146.19	0	120.42	1.24
146.37	0	120.62	1.24
146.55	0	120.83	1.23
146.73	0	121.08	1.26
146.91	0	121.29	1.24
147.09	0	121.50	1.23
147.27	0	121.70	1.23
147.45	0	121.95	1.25
147.63	0	122.19	1.26
147.80	0	122.40	1.25
147.98	0	122.64	1.25
148.16	0	122.85	1.25
148.34	0	123.06	1.25
148.52	0	123.27	1.23
148.70	0	123.52	1.25
148.88	0	123.72	1.25
149.06	0	123.93	1.25
149.24	0	124.14	1.23
149.41	0	124.39	1.23
149.60	0	124.63	1.25
149.77	0	124.84	1.23
149.95	0	125.05	1.23
150.13	0	125.26	1.23
150.31	0	125.50	1.25
150.49	0	125.71	1.23
150.67	0	125.96	1.25
150.85	0	126.17	1.25
151.03	0	126.37	1.25
151.21	0	126.58	1.23
151.38	0	126.79	1.21
151.56	0	126.97	1.19
151.74	0	127.25	1.23
151.92	0	127.42	1.21
152.10	0	127.60	1.17
152.28	0	127.84	1.19
152.46	0	128.05	1.17
152.64	0	128.26	1.17
152.82	0	128.43	1.15
153.00	0	128.64	1.15
153.18	0	128.85	1.15
153.35	0	129.06	1.17
153.53	0	129.27	1.13
153.71	0	129.48	1.15
153.89	0	129.65	1.15
154.07	0	129.90	1.15
154.25	0	130.07	1.13
154.43	0	130.28	1.13
154.61	0	130.53	1.17
154.79	0	130.70	1.15
154.97	0	130.88	1.13
155.14	0	131.09	1.13
155.32	0	131.30	1.13
155.50	0	131.44	1.09
155.68	0	131.65	1.11
155.86	0	131.86	1.09
156.04	0	132.03	1.09
156.22	0	132.24	1.09
156.40	0	132.41	1.05
156.58	0	132.62	1.07
156.75	0	132.80	1.07
156.93	0	132.97	1.05
157.11	0	133.15	1.03
157.29	0	133.32	1.05
157.47	0	133.50	1.03
157.65	0	133.67	1.02
157.83	0	133.85	1.02
158.01	0	134.02	1.00
158.19	0	134.23	1.02
158.36	0	134.41	1.00
158.54	0	134.55	0.98
158.72	0	134.76	1.00
158.90	0	134.90	0.98
159.08	0	135.04	0.96
159.26	0	135.25	0.98
159.44	0	135.42	0.98
159.62	0	135.60	0.98
159.80	0	135.74	0.96
159.98	0	135.91	0.94
160.15	0	136.05	0.92
160.33	0	136.23	0.94
160.51	0	136.36	0.90
160.69	0	136.58	0.94
160.87	0	136.68	0.92
161.05	0	136.86	0.90
161.23	0	137.03	0.90
161.41	0	137.17	0.88
161.59	0	137.34	0.90
161.77	0	137.48	0.88
161.94	0	137.66	0.90
162.12	1	137.80	0.88
162.30	1	137.97	0.90
162.48	1	138.11	0.86
162.66	1	138.25	0.88
162.84	1	138.36	0.84
163.02	1	138.54	0.84
163.20	1	138.71	0.86
163.38	1	138.85	0.84
163.55	1	138.99	0.84
163.73	1	139.13	0.82
163.91	1	139.27	0.82
164.09	1	139.41	0.80
164.27	1	139.55	0.80
164.45	1	139.73	0.82
164.63	1	139.80	0.80
164.81	1	139.94	0.78
164.99	1	140.08	0.76
165.17	0	140.22	0.76
165.35	0	140.32	0.74
165.52	0	140.50	0.76
165.70	0	140.60	0.74
165.88	0	140.74	0.74
166.06	0	140.85	0.72
166.24	0	140.99	0.70
166.42	0	141.09	0.72
166.60	0	141.23	0.72
166.78	0	141.37	0.72
166.96	0	141.48	0.70
167.13	0	141.58	0.70
167.31	0	141.76	0.70
167.49	0	141.90	0.72
167.67	0	142.00	0.70
167.85	0	142.14	0.72
168.03	0	142.28	0.72
168.21	0	142.39	0.72
168.39	0	142.49	0.70
168.57	0	142.67	0.72
168.75	0	142.81	0.74
168.93	0	142.91	0.74
169.10	0	143.02	0.71
169.28	0	143.16	0.70
169.46	0	143.26	0.70
169.64	0	143.40	0.70
169.82	0	143.51	0.69
170.00	0	143.65	0.71
170.18	0	143.76	0.71
170.36	0	143.93	0.71
170.54	0	144.04	0.69
170.71	0	144.14	0.69
170.89	0	144.28	0.71
171.07	0	144.42	0.71
171.25	0	144.53	0.71
171.43	0	144.67	0.71
171.61	0	144.77	0.71
171.79	0	144.91	0.71
171.97	0	145.02	0.71
172.15	0	145.16	0.69
172.32	0	145.30	0.71
172.50	0	145.40	0.71
172.68	0	145.54	0.71
172.86	0	145.65	0.69
173.04	0	145.79	0.71
173.22	0	145.90	0.69
173.40	0	146.00	0.69
173.58	0	146.14	0.69
173.76	0	146.25	0.69
173.94	0	146.39	0.69
174.11	0	146.46	0.65
174.29	0	146.56	0.65
174.47	0	146.67	0.63
174.65	0	146.81	0.65
174.83	0	146.95	0.65
175.01	0	147.02	0.63
175.19	0	147.12	0.63
175.37	0	147.23	0.61
175.55	0	147.37	0.63
175.73	0	147.47	0.61
175.90	0	147.58	0.63
176.08	0	147.69	0.63
176.26	0	147.79	0.63
176.44	0	147.90	0.61
176.62	0	148.00	0.59
176.80	0	148.11	0.61
176.98	0	148.21	0.61
177.16	0	148.32	0.61
177.34	0	148.42	0.59
177.52	0	148.53	0.59
177.69	0	148.63	0.59
177.87	0	148.74	0.59
178.05	0	148.84	0.59
178.23	0	148.95	0.59
178.41	0	149.09	0.61
178.59	0	149.16	0.59
178.77	0	149.23	0.57
178.95	0	149.34	0.57
179.13	0	149.44	0.57
179.30	1	149.51	0.55
179.48	1	149.65	0.57
179.66	1	149.72	0.55
179.84	1	149.83	0.55
180.02	1	149.93	0.55
180.20	1	150.00	0.51
180.38	1	150.11	0.53
180.56	1	150.21	0.55
180.74	1	150.28	0.53
180.92	1	150.35	0.51
181.10	1	150.46	0.53
181.27	1	150.57	0.51
181.45	1	150.64	0.51
181.63	1	150.74	0.51
181.81	1	150.81	0.49
181.99	1	150.88	0.49
182.17	1	150.95	0.47
182.35	1	151.02	0.45
182.53	1	151.13	0.47
182.71	1	151.23	0.49
182.88	1	151.30	0.47
183.06	1	151.37	0.45
183.24	1	151.48	0.47
183.42	1	151.51	0.43
183.60	0	151.62	0.45
183.78	0	151.69	0.45
183.96	0	151.76	0.45
184.14	0	151.87	0.47
184.32	0	151.94	0.45
184.50	0	152.04	0.45
184.67	0	152.08	0.43
184.85	0	152.15	0.43
185.03	0	152.25	0.43
185.21	0	152.29	0.43
185.39	0	152.39	0.43
185.57	0	152.46	0.43
185.75	0	152.53	0.43
185.93	1	152.60	0.41
186.11	1	152.67	0.41
186.29	1	152.74	0.39
186.46	1	152.82	0.41
186.64	1	152.89	0.41
186.82	1	152.99	0.41
187.00	1	153.03	0.41
187.18	1	153.13	0.41
187.36	1	153.20	0.41
187.54	1	153.31	0.43
187.72	1	153.34	0.41
187.90	1	153.41	0.41
188.08	1	153.48	0.41
188.25	1	153.59	0.43
188.43	1	153.62	0.41
188.61	1	153.69	0.39
188.79	1	153.76	0.41
188.97	1	153.84	0.39
189.15	1	153.91	0.39
189.33	1	153.98	0.37
189.51	1	154.05	0.39
189.69	1	154.12	0.39
189.87	1	154.22	0.41
190.04	1	154.22	0.35
190.22	1	154.29	0.37
190.40	1	154.40	0.39
190.58	1	154.43	0.37
190.76	1	154.50	0.37
190.94	1	154.57	0.37
191.12	1	154.64	0.37
191.30	1	154.71	0.37
191.48	1	154.79	0.37
191.65	1	154.82	0.33
191.83	1	154.93	0.39
192.01	1	154.93	0.35
192.19	1	155.03	0.35
192.37	1	155.07	0.35
192.55	1	155.14	0.35
192.73	1	155.17	0.33
192.91	1	155.24	0.33
193.09	1	155.35	0.35
193.27	1	155.38	0.33
193.44	1	155.42	0.33
193.62	1	155.49	0.31
193.80	1	155.56	0.35
193.98	1	155.59	0.31
194.16	1	155.66	0.33
194.34	1	155.74	0.33
194.52	1	155.77	0.33
194.70	1	155.88	0.35
194.88	1	155.91	0.31
195.05	1	155.98	0.33
195.23	1	156.05	0.35
195.41	1	156.12	0.35
195.59	1	156.16	0.33
195.77	1	156.23	0.35
195.95	1	156.30	0.35
196.13	1	156.33	0.33
196.31	0	156.37	0.33
196.49	0	156.40	0.29
196.67	0	156.47	0.31
196.85	0	156.54	0.31
197.02	0	156.62	0.31
197.20	0	156.65	0.30
197.38	0	156.72	0.31
197.56	0	156.79	0.31
197.74	0	156.83	0.29
197.92	0	156.90	0.31
198.10	0	156.97	0.33
198.28	0	157.04	0.35
198.46	0	157.07	0.33
198.63	0	157.14	0.33
198.81	0	157.21	0.33
198.99	0	157.28	0.35
199.17	0	157.35	0.35
199.35	0	157.42	0.35
199.53	0	157.50	0.37
199.71	1	157.57	0.37
199.89	1	157.64	0.37
200.07	1	157.71	0.37
200.25	1	157.74	0.37
200.42	1	157.85	0.39
200.60	1	157.92	0.39
200.78	1	157.99	0.39
200.96	1	158.06	0.39
201.14	1	158.09	0.37
201.32	1	158.16	0.37
201.50	1	158.24	0.37
201.68	1	158.34	0.39
201.86	1	158.41	0.39
202.04	1	158.48	0.41
202.21	1	158.55	0.39
202.39	1	158.62	0.39
202.57	1	158.66	0.37
202.75	1	158.76	0.39
202.93	1	158.83	0.41
203.11	1	158.94	0.43
203.29	1	158.94	0.39
203.47	1	159.05	0.39
203.65	1	159.12	0.39
203.83	1	159.19	0.39
204.00	1	159.26	0.39
204.18	1	159.29	0.37
204.36	1	159.40	0.41
204.54	1	159.47	0.39
204.72	1	159.54	0.39
204.90	1	159.61	0.37
205.08	1	159.68	0.41
205.26	1	159.75	0.39
205.44	1	159.82	0.39
205.62	1	159.89	0.39
205.79	1	159.93	0.37
205.97	1	160.03	0.41
206.15	1	160.10	0.39
206.33	1	160.17	0.39
206.51	1	160.21	0.37
206.69	1	160.31	0.39
206.87	1	160.35	0.37
207.05	1	160.42	0.37
207.23	1	160.53	0.39
207.41	1	160.56	0.37
207.58	1	160.60	0.37
207.76	1	160.70	0.37
207.94	1	160.77	0.37
208.12	0	160.84	0.37
208.30	0	160.91	0.39
208.48	0	160.98	0.37
208.66	0	161.05	0.39
208.84	0	161.12	0.39
209.02	0	161.20	0.37
209.20	0	161.23	0.37
209.37	0	161.34	0.41
209.55	0	161.41	0.39
209.73	0	161.48	0.39
209.91	0	161.55	0.39
210.09	0	161.62	0.39
210.27	0	161.69	0.39
210.45	0	161.76	0.39
210.63	0	161.83	0.39
210.80	0	161.90	0.39
210.99	0	161.97	0.41
211.16	0	162.08	0.41
211.34	0	162.15	0.41
211.52	0	162.22	0.41
211.70	0	162.29	0.41
211.88	0	162.36	0.41
212.06	0	162.43	0.41
212.24	0	162.50	0.41
212.42	0	162.57	0.41
212.60	0	162.68	0.43
212.77	0	162.75	0.43
212.95	0	162.85	0.43
213.13	0	162.92	0.43
213.31	0	163.03	0.45
213.49	0	163.10	0.45
213.67	0	163.17	0.45
213.85	0	163.24	0.45
214.03	0	163.31	0.45
214.21	0	163.42	0.47
214.38	0	163.49	0.45
214.56	0	163.59	0.47
214.74	1	163.66	0.45
214.92	1	163.73	0.45
215.10	1	163.84	0.45
215.28	1	163.91	0.45
215.46	1	164.02	0.47
215.64	1	164.09	0.47
215.82	1	164.16	0.47
216.00	1	164.23	0.45
216.17	1	164.33	0.47
216.35	1	164.44	0.47
216.53	1	164.51	0.47
216.71	1	164.58	0.47
216.89	1	164.69	0.47
217.07	1	164.76	0.47
217.25	1	164.86	0.47
217.43	1	164.93	0.47
217.61	1	165.00	0.47
217.79	1	165.11	0.49
217.96	1	165.18	0.47
218.14	1	165.29	0.47
218.32	1	165.36	0.47
218.50	1	165.43	0.47
218.68	1	165.53	0.47
218.86	1	165.61	0.47
219.04	1	165.68	0.45
219.22	1	165.75	0.45
219.40	1	165.85	0.47
219.58	1	165.96	0.47
219.75	1	165.99	0.45
219.93	1	166.06	0.43
220.11	1	166.13	0.43
220.29	1	166.24	0.45
220.47	1	166.31	0.43
220.65	1	166.38	0.43
220.83	1	166.45	0.43
221.01	1	166.52	0.43
221.19	1	166.59	0.41
221.37	1	166.70	0.41
221.54	1	166.73	0.41
221.72	1	166.84	0.43
221.90	1	166.88	0.41
222.08	1	166.95	0.39
222.26	1	167.02	0.39
222.44	1	167.09	0.39
222.62	1	167.19	0.41
222.80	1	167.23	0.39
222.98	1	167.30	0.39
223.16	1	167.37	0.37
223.33	1	167.44	0.39
223.51	1	167.51	0.38
223.69	1	167.58	0.39
223.87	1	167.62	0.37
224.05	1	167.69	0.37
224.23	1	167.76	0.38
224.41	1	167.83	0.36
224.59	1	167.87	0.36
224.77	1	167.97	0.37
224.95	1	168.04	0.38
225.12	1	168.11	0.38
225.30	1	168.15	0.36
225.48	1	168.22	0.36
225.66	1	168.29	0.38
225.84	1	168.36	0.38
226.02	1	168.43	0.38
226.20	1	168.47	0.36
226.38	1	168.54	0.38
226.55	1	168.61	0.36
226.74	1	168.71	0.38
226.91	1	168.75	0.36
227.09	1	168.82	0.38
227.27	1	168.85	0.36
227.45	1	168.93	0.36
227.63	1	169.03	0.38
227.81	1	169.07	0.36
227.99	1	169.14	0.38
228.17	0	169.21	0.38
228.35	0	169.24	0.36
228.52	0	169.35	0.36
228.70	0	169.38	0.36
228.88	0	169.49	0.38
229.06	0	169.53	0.38
229.24	0	169.63	0.39
229.42	0	169.70	0.38
229.60	0	169.74	0.38
229.78	0	169.84	0.39
229.96	0	169.92	0.39
230.13	0	169.99	0.41
230.31	0	170.06	0.39
230.49	0	170.13	0.41
230.67	0	170.23	0.41
230.85	0	170.27	0.41
231.03	0	170.37	0.41
231.21	0	170.45	0.41
231.39	0	170.55	0.45
231.57	0	170.66	0.45
231.75	0	170.73	0.45
231.92	0	170.80	0.45
232.10	0	170.87	0.45
232.28	0	170.98	0.47
232.46	0	171.08	0.47
232.64	0	171.19	0.51
232.82	0	171.26	0.49
233.00	0	171.36	0.51
233.18	0	171.40	0.47
233.36	0	171.51	0.47
233.54	0	171.61	0.49
233.71	0	171.68	0.49
233.89	0	171.79	0.51
234.07	0	171.86	0.49
234.25	0	171.97	0.49
234.43	0	172.04	0.47
234.61	0	172.14	0.49
234.79	0	172.25	0.49
234.97	0	172.32	0.51
235.15	0	172.43	0.51
235.33	0	172.50	0.49
235.50	1	172.60	0.51
235.68	1	172.64	0.47
235.86	1	172.74	0.49
236.04	1	172.85	0.49
236.22	1	172.92	0.49
236.40	1	173.03	0.49
236.58	1	173.13	0.49
236.76	1	173.20	0.49
236.94	1	173.28	0.47
237.12	1	173.38	0.49
237.29	1	173.45	0.47
237.47	1	173.56	0.51
237.65	1	173.63	0.49
237.83	1	173.70	0.47
238.01	1	173.84	0.51
238.19	1	173.91	0.49
238.37	1	173.98	0.47
238.55	1	174.05	0.47
238.73	1	174.12	0.47
238.91	1	174.20	0.45
239.08	1	174.30	0.47
239.26	1	174.41	0.47
239.44	1	174.44	0.46
239.62	1	174.55	0.47
239.80	1	174.62	0.44
239.98	1	174.69	0.44
240.16	1	174.80	0.45
240.34	1	174.87	0.45
240.52	1	174.94	0.45
240.70	1	175.01	0.45
240.87	1	175.12	0.46
241.05	1	175.19	0.44
241.23	1	175.26	0.45
241.41	1	175.33	0.44
241.59	1	175.43	0.46
241.77	1	175.47	0.44
241.95	1	175.54	0.42
242.13	1	175.61	0.42
242.31	1	175.68	0.42
242.48	1	175.75	0.42
242.66	1	175.86	0.42
242.84	1	175.86	0.38
243.02	1	175.97	0.40
243.20	1	176.04	0.40
243.38	1	176.11	0.38
243.56	1	176.14	0.38
243.74	1	176.21	0.38
243.92	1	176.28	0.38
244.10	1	176.36	0.38
244.27	1	176.43	0.38
244.45	1	176.53	0.38
244.63	1	176.57	0.40
244.81	1	176.64	0.38
244.99	1	176.71	0.38
245.17	1	176.78	0.38
245.35	1	176.85	0.40
245.53	1	176.89	0.38
245.71	1	176.96	0.38
245.88	1	177.03	0.38
246.06	1	177.06	0.36
246.24	1	177.13	0.34
246.42	1	177.24	0.38
246.60	1	177.24	0.34
246.78	1	177.31	0.34
246.96	1	177.38	0.34
247.14	1	177.49	0.36
247.32	1	177.52	0.36
247.50	1	177.63	0.38
247.67	1	177.67	0.36
247.85	1	177.74	0.38
248.03	1	177.81	0.38
248.21	0	177.88	0.36
248.39	0	177.95	0.40
248.57	0	178.02	0.40
248.75	0	178.09	0.40
248.93	0	178.16	0.38
249.11	0	178.27	0.42
249.29	0	178.27	0.36
249.46	0	178.38	0.40
249.64	0	178.45	0.40
249.82	0	178.52	0.40
250.00	0	178.62	0.42
250.18	0	178.66	0.40
250.36	0	178.77	0.42
250.54	0	178.84	0.42
250.72	0	178.91	0.42
250.90	0	178.98	0.40
251.08	0	179.05	0.44
251.25	0	179.16	0.44
251.43	0	179.23	0.44
251.61	0	179.30	0.44
251.79	0	179.33	0.40
251.97	0	179.47	0.46
252.15	0	179.55	0.44
252.33	0	179.65	0.46
252.51	0	179.69	0.44
252.69	0	179.79	0.46
252.87	0	179.86	0.46
253.04	0	179.94	0.44
253.22	0	180.04	0.46
253.40	0	180.15	0.48
253.58	0	180.18	0.48
253.76	0	180.29	0.46
253.94	0	180.40	0.48
254.12	0	180.47	0.46
254.30	0	180.57	0.50
254.48	0	180.64	0.48
254.66	0	180.72	0.48
254.83	0	180.82	0.50
255.01	0	180.93	0.50
255.19	0	181.00	0.48
255.37	0	181.11	0.52
255.55	0	181.18	0.50
255.73	0	181.25	0.48
255.91	0	181.35	0.50
256.09	0	181.46	0.50
256.27	0	181.53	0.50
256.44	0	181.64	0.52
256.62	0	181.71	0.50
256.80	0	181.78	0.48
256.98	0	181.92	0.52
257.16	0	181.99	0.50
257.34	0	182.06	0.50
257.52	0	182.13	0.50
257.70	0	182.21	0.48
257.88	1	182.31	0.48
258.05	1	182.38	0.48
258.23	1	182.45	0.46
258.41	1	182.52	0.46
258.59	1	182.63	0.48
258.77	1	182.70	0.44
258.95	1	182.77	0.44
259.13	1	182.88	0.46
259.31	1	182.95	0.46
259.49	1	183.02	0.46
259.67	1	183.09	0.44
259.85	1	183.13	0.42
260.02	1	183.23	0.44
260.20	1	183.34	0.46
260.38	1	183.41	0.44
260.56	1	183.45	0.42
260.74	1	183.59	0.46
260.92	1	183.59	0.40
261.10	1	183.70	0.42
261.28	1	183.77	0.42
261.45	1	183.80	0.40
261.64	1	183.94	0.46
261.81	1	183.98	0.42
261.99	1	184.05	0.40
262.17	1	184.12	0.40
262.35	1	184.16	0.40
262.53	1	184.26	0.38
262.71	1	184.34	0.42
262.89	1	184.37	0.38
263.07	1	184.44	0.38
263.25	1	184.51	0.40
263.42	1	184.62	0.38
263.60	1	184.66	0.38
263.78	1	184.73	0.38
263.96	1	184.80	0.38
264.14	1	184.83	0.38
264.32	1	184.90	0.36
264.50	1	184.97	0.36
264.68	1	185.01	0.36
264.86	1	185.08	0.36
265.04	1	185.19	0.38
265.22	1	185.22	0.34
265.39	1	185.26	0.34
265.57	1	185.33	0.34
265.75	1	185.37	0.32
265.93	1	185.44	0.34
266.11	1	185.47	0.32
266.29	1	185.58	0.34
266.47	1	185.61	0.34
266.65	1	185.65	0.32
266.83	1	185.76	0.32
267.00	1	185.76	0.30
267.18	1	185.83	0.32
267.36	1	185.86	0.30
267.54	1	185.97	0.34
267.72	1	186.00	0.32
267.90	1	186.04	0.32
268.08	1	186.11	0.30
268.26	1	186.15	0.30
268.44	1	186.18	0.30
268.61	1	186.25	0.28
268.79	1	186.32	0.32
268.97	1	186.36	0.30
269.15	1	186.40	0.30
269.33	1	186.47	0.28
269.51	1	186.54	0.30
269.69	1	186.61	0.32
269.87	1	186.64	0.30
270.05	1	186.72	0.32
270.23	1	186.75	0.32
270.41	1	186.82	0.32
270.58	1	186.89	0.32
270.76	1	186.96	0.34
270.94	1	187.00	0.34
271.12	1	187.04	0.32
271.30	1	187.11	0.32
271.48	1	187.18	0.32
271.66	1	187.21	0.32
271.84	1	187.28	0.32
272.02	1	187.36	0.34
272.19	1	187.43	0.34
272.37	1	187.46	0.32
272.55	1	187.53	0.32
272.73	1	187.60	0.34
272.91	1	187.64	0.34
273.09	1	187.71	0.34
273.27	1	187.78	0.34
273.45	1	187.82	0.34
273.63	1	187.89	0.34
273.80	1	187.96	0.34
273.98	1	188.00	0.32
274.16	1	188.10	0.36
274.34	1	188.14	0.34
274.52	1	188.21	0.34
274.70	1	188.28	0.36
274.88	1	188.35	0.36
275.06	1	188.39	0.34
275.24	1	188.42	0.34
275.42	1	188.49	0.34
275.60	1	188.60	0.36
275.77	1	188.67	0.38
275.95	1	188.74	0.36
276.13	1	188.78	0.36
276.31	1	188.85	0.36
276.49	1	188.88	0.34
276.67	1	188.99	0.36
276.85	1	189.06	0.38
277.03	1	189.10	0.38
277.21	1	189.20	0.40
277.39	1	189.24	0.36
277.56	1	189.31	0.36
277.74	1	189.38	0.36
277.92	1	189.45	0.38
278.10	1	189.52	0.38
278.28	1	189.60	0.40
278.46	1	189.63	0.36
278.64	1	189.74	0.38
278.82	1	189.81	0.40
279.00	1	189.84	0.36
279.17	1	189.95	0.40
279.35	1	190.02	0.40
279.53	1	190.13	0.42
279.71	1	190.16	0.40
279.89	1	190.20	0.38
280.07	1	190.31	0.40
280.25	1	190.38	0.42
280.43	1	190.48	0.42
280.61	1	190.52	0.40
280.79	1	190.59	0.42
280.97	1	190.70	0.42
281.14	1	190.73	0.40
281.32	1	190.84	0.40
281.50	1	190.88	0.40
281.68	1	190.98	0.44
281.86	1	191.05	0.42
282.04	1	191.13	0.42
282.22	1	191.20	0.40
282.40	1	191.27	0.42
282.58	1	191.34	0.42
282.76	1	191.45	0.42
282.93	1	191.52	0.44
283.11	1	191.62	0.44
283.29	1	191.66	0.44
283.47	1	191.80	0.46
283.65	1	191.87	0.46
283.83	1	191.94	0.46
284.01	1	191.98	0.44
284.19	1	192.09	0.46
284.36	1	192.19	0.48
284.54	1	192.30	0.48
284.72	1	192.34	0.46
284.90	1	192.44	0.46
285.08	1	192.51	0.48
285.26	1	192.62	0.46
285.44	1	192.69	0.46
285.62	1	192.76	0.46
285.80	1	192.83	0.48
285.98	1	192.94	0.48
286.15	1	193.01	0.46
286.33	1	193.12	0.46
286.51	1	193.23	0.50
286.69	1	193.30	0.48
286.87	1	193.37	0.48
287.05	1	193.47	0.48
287.23	1	193.55	0.48
287.41	1	193.65	0.50
287.59	1	193.69	0.48
287.77	1	193.80	0.48
287.94	1	193.90	0.50
288.12	1	193.97	0.48
288.30	1	194.04	0.46
288.48	1	194.15	0.48
288.66	1	194.22	0.48
288.84	1	194.29	0.46
289.02	1	194.37	0.46
289.20	1	194.47	0.46
289.38	1	194.54	0.48
289.55	1	194.65	0.48
289.73	1	194.72	0.46
289.91	1	194.79	0.46
290.09	1	194.90	0.48
290.27	1	195.04	0.50
290.45	1	195.11	0.50
290.63	1	195.22	0.52
290.81	1	195.29	0.52
290.99	1	195.36	0.50
291.17	1	195.47	0.52
291.35	1	195.61	0.54
291.52	1	195.65	0.52
291.70	1	195.75	0.54
291.88	1	195.83	0.52
292.06	1	195.93	0.50
292.24	1	196.08	0.54
292.42	1	196.15	0.52
292.60	1	196.29	0.56
292.78	1	196.33	0.54
292.96	1	196.43	0.54
293.14	1	196.50	0.50
293.31	1	196.61	0.54
293.49	1	196.72	0.54
293.67	1	196.79	0.54
293.85	1	196.90	0.54
294.03	1	197.00	0.52
294.21	1	197.07	0.52
294.39	1	197.18	0.50
294.57	1	197.29	0.54
294.75	1	197.36	0.52
294.92	1	197.47	0.54
295.10	1	197.54	0.52
295.28	1	197.68	0.54
295.46	1	197.75	0.54
295.64	1	197.86	0.54
295.82	1	197.97	0.54
296.00	1	198.04	0.54
296.18	1	198.18	0.56
296.36	1	198.29	0.56
296.54	1	198.36	0.56
296.72	1	198.43	0.54
296.89	1	198.50	0.54
297.07	1	198.64	0.54
297.25	1	198.75	0.56
297.43	1	198.86	0.56
297.61	1	198.93	0.54
297.79	1	199.03	0.56
297.97	1	199.14	0.54
298.15	1	199.21	0.52
298.33	1	199.32	0.54
298.51	1	199.46	0.58
298.68	1	199.53	0.58
298.86	1	199.64	0.56
299.04	1	199.75	0.56
299.22	1	199.82	0.54
299.40	1	199.96	0.58
299.58	1	200.07	0.58
299.76	1	200.14	0.56
299.94	1	200.25	0.58
300.12	1	200.36	0.58
300.29	1	200.46	0.56
300.47	1	200.53	0.56
300.65	1	200.68	0.58
300.83	1	200.75	0.56
301.01	1	200.86	0.58
301.19	1	200.96	0.56
301.37	1	201.07	0.56
301.55	1	201.18	0.58
301.73	1	201.25	0.56
301.90	1	201.35	0.56
302.08	1	201.46	0.56
302.26	1	201.57	0.58
302.44	1	201.68	0.56
302.62	1	201.75	0.56
302.80	1	201.85	0.56
302.98	1	201.96	0.56
303.16	1	202.07	0.56
303.34	1	202.18	0.56
303.52	1	202.28	0.58
303.69	1	202.43	0.60
303.87	1	202.50	0.58
304.05	1	202.60	0.58
304.23	1	202.71	0.58
304.41	1	202.82	0.60
304.59	1	202.96	0.62
304.77	1	203.03	0.60
304.95	1	203.14	0.60
305.13	1	203.25	0.60
305.30	1	203.35	0.60
305.48	1	203.46	0.58
305.66	1	203.57	0.60
305.84	1	203.68	0.60
306.02	1	203.78	0.60
306.20	1	203.89	0.60
306.38	1	204.00	0.58
306.56	1	204.11	0.60
306.74	1	204.21	0.60
306.92	1	204.32	0.60
307.10	1	204.43	0.60
307.27	1	204.57	0.62
307.45	1	204.68	0.62
307.63	1	204.78	0.62
307.81	1	204.89	0.62
307.99	1	205.00	0.62
308.17	1	205.11	0.62
308.35	1	205.21	0.62
308.53	1	205.32	0.62
308.71	1	205.43	0.62
308.89	1	205.53	0.62
309.06	1	205.68	0.62
309.24	1	205.78	0.62
309.42	1	205.89	0.62
309.60	1	206.03	0.64
309.78	1	206.14	0.64
309.96	1	206.21	0.62
310.14	1	206.36	0.64
310.32	1	206.46	0.64
310.50	1	206.57	0.64
310.67	1	206.71	0.66
310.85	1	206.82	0.64
311.03	1	206.93	0.64
311.21	1	207.07	0.66
311.39	1	207.18	0.64
311.57	1	207.29	0.64
311.75	1	207.39	0.66
311.93	1	207.50	0.64
312.11	1	207.64	0.66
312.29	1	207.75	0.66
312.47	1	207.86	0.64
312.64	1	207.97	0.64
312.82	1	208.04	0.62
313.00	1	208.22	0.64
313.18	1	208.32	0.64
313.36	1	208.47	0.66
313.54	1	208.57	0.66
313.72	1	208.68	0.66
313.90	1	208.79	0.64
314.08	1	208.90	0.64
314.25	1	209.00	0.64
314.43	1	209.15	0.66
314.61	1	209.25	0.68
314.79	1	209.40	0.66
314.97	1	209.50	0.66
315.15	1	209.61	0.64
315.33	1	209.72	0.64
315.51	1	209.83	0.64
315.69	1	209.97	0.66
315.86	1	210.08	0.66
316.04	1	210.19	0.66
316.22	1	210.33	0.66
316.40	1	210.44	0.66
316.58	1	210.54	0.64
316.76	1	210.65	0.64
316.94	1	210.79	0.66
317.12	1	210.90	0.66
317.30	1	211.01	0.66
317.48	1	211.12	0.64
317.66	1	211.26	0.66
317.83	1	211.37	0.66
318.01	1	211.47	0.64
318.19	1	211.62	0.66
318.37	1	211.76	0.68
318.55	1	211.87	0.68
318.73	1	211.98	0.66
318.91	1	212.12	0.68
319.09	1	212.19	0.66
319.27	1	212.33	0.68
319.45	1	212.41	0.64
319.62	1	212.58	0.68
319.80	1	212.69	0.68
319.98	1	212.84	0.68
320.16	1	212.94	0.66
320.34	1	213.05	0.66
320.52	1	213.16	0.66
320.70	1	213.27	0.64
320.88	1	213.37	0.66
321.05	1	213.55	0.68
321.23	1	213.62	0.68
321.41	1	213.77	0.66
321.59	1	213.87	0.66
321.77	1	214.02	0.66
321.95	1	214.09	0.64
322.13	1	214.23	0.66
322.31	1	214.34	0.66
322.49	1	214.48	0.68
322.67	1	214.63	0.70
322.85	1	214.70	0.64
323.02	1	214.84	0.68
323.20	1	214.99	0.68
323.38	1	215.09	0.68
323.56	1	215.20	0.66
323.74	1	215.34	0.70
323.92	1	215.45	0.68
324.10	1	215.56	0.68
324.28	1	215.67	0.66
324.46	1	215.81	0.66
324.64	1	215.92	0.68
324.81	1	216.06	0.68
324.99	1	216.17	0.66
325.17	1	216.31	0.68
325.35	1	216.42	0.68
325.53	1	216.53	0.66
325.71	1	216.67	0.68
325.89	1	216.78	0.68
326.07	1	216.92	0.70
326.25	1	217.03	0.68
326.42	1	217.17	0.70
326.60	1	217.32	0.70
326.78	1	217.39	0.68
326.96	1	217.53	0.68
327.14	1	217.64	0.68
327.32	1	217.78	0.70
327.50	1	217.89	0.68
327.68	1	218.03	0.70
327.86	1	218.14	0.68
328.04	1	218.29	0.70
328.21	1	218.39	0.68
328.39	1	218.50	0.66
328.57	1	218.61	0.68
328.75	1	218.72	0.66
328.93	1	218.86	0.68
329.11	1	218.97	0.66
329.29	1	219.08	0.66
329.47	1	219.18	0.64
329.65	1	219.26	0.62
329.83	1	219.40	0.62
330.00	1	219.47	0.60
330.18	1	219.65	0.64
330.36	1	219.76	0.64
330.54	1	219.87	0.64
330.72	1	219.97	0.62
330.90	1	220.08	0.62
331.08	1	220.19	0.62
331.26	1	220.33	0.64
331.44	1	220.40	0.64
331.61	1	220.48	0.60
331.79	1	220.62	0.64
331.97	1	220.73	0.60
332.15	1	220.84	0.60
332.33	1	220.94	0.60
332.51	1	221.05	0.60
332.69	1	221.16	0.60
332.87	1	221.23	0.58
333.05	1	221.37	0.58
333.23	1	221.45	0.58
333.41	1	221.52	0.58
333.58	1	221.66	0.58
333.76	1	221.70	0.54
333.94	1	221.84	0.56
334.12	1	221.95	0.56
334.30	1	222.02	0.54
334.48	1	222.13	0.54
334.66	1	222.24	0.56
334.84	1	222.34	0.54
335.02	1	222.42	0.54
335.20	1	222.49	0.54
335.37	1	222.60	0.52
335.55	1	222.70	0.56
335.73	1	222.78	0.52
335.91	1	222.85	0.50
336.09	1	222.96	0.52
336.27	1	223.03	0.50
336.45	1	223.14	0.50
336.63	1	223.24	0.50
336.80	1	223.32	0.50
336.98	1	223.39	0.50
337.16	1	223.46	0.48
337.34	1	223.57	0.48
337.52	1	223.60	0.46
337.70	1	223.71	0.48
337.88	1	223.78	0.46
338.06	1	223.85	0.46
338.24	1	223.89	0.42
338.42	1	223.96	0.40
338.60	1	224.03	0.40
338.77	1	224.11	0.40
338.95	1	224.18	0.40
339.13	1	224.25	0.38
339.31	1	224.36	0.42
339.49	1	224.39	0.38
339.67	1	224.50	0.40
339.85	1	224.57	0.40
340.03	1	224.61	0.40
340.21	1	224.68	0.40
340.39	1	224.75	0.40
340.56	1	224.79	0.38
340.74	1	224.90	0.40
340.92	1	224.93	0.38
341.10	1	225.00	0.36
341.28	1	225.08	0.38
341.46	1	225.11	0.34
341.64	1	225.15	0.32
341.82	1	225.26	0.36
342.00	1	225.33	0.36
342.17	1	225.36	0.34
342.35	1	225.44	0.36
342.53	1	225.47	0.32
342.71	1	225.54	0.34
342.89	1	225.58	0.32
343.07	1	225.65	0.32
343.25	1	225.69	0.32
343.43	1	225.72	0.32
343.61	1	225.83	0.32
343.79	1	225.87	0.30
343.96	1	225.94	0.32
344.14	1	225.98	0.30
344.32	1	226.01	0.30
344.50	1	226.08	0.30
344.68	1	226.12	0.30
344.86	1	226.16	0.28
345.04	1	226.23	0.30
345.22	1	226.30	0.32
345.40	1	226.34	0.28
345.58	1	226.37	0.28
345.75	1	226.44	0.28
345.93	1	226.52	0.30
346.11	1	226.55	0.30
346.29	1	226.59	0.28
346.47	1	226.66	0.30
346.65	1	226.70	0.30
346.83	1	226.70	0.26
347.01	1	226.77	0.26
347.19	1	226.84	0.28
347.36	1	226.91	0.30
347.54	1	226.95	0.28
347.72	1	226.98	0.26
347.90	1	227.06	0.28
348.08	1	227.09	0.28
348.26	1	227.16	0.28
348.44	1	227.20	0.28
348.62	1	227.27	0.32
348.80	1	227.31	0.30
348.98	1	227.38	0.30
349.16	1	227.42	0.28
349.33	1	227.49	0.30
349.51	1	227.52	0.30
349.69	1	227.56	0.28
349.87	1	227.63	0.30
350.05	1	227.67	0.28
350.23	1	227.74	0.30
350.41	1	227.78	0.28
350.59	1	227.81	0.28
350.77	1	227.88	0.28
350.95	1	227.92	0.28
351.12	1	227.96	0.26
351.30	1	228.03	0.28
351.48	1	228.06	0.28
351.66	1	228.14	0.28
351.84	1	228.21	0.30
352.02	1	228.28	0.30
352.20	1	228.28	0.28
352.38	1	228.35	0.30
352.56	1	228.42	0.30
352.73	1	228.46	0.30
352.91	1	228.53	0.32
353.09	1	228.57	0.30
353.27	1	228.64	0.32
353.45	1	228.68	0.30
353.63	1	228.75	0.30
353.81	1	228.82	0.30
353.99	1	228.82	0.30
354.17	1	228.93	0.32
354.35	1	229.00	0.32
354.52	1	229.04	0.32
354.70	1	229.07	0.30
354.88	1	229.14	0.32
355.06	1	229.18	0.30
355.24	1	229.25	0.32
355.42	1	229.29	0.30
355.60	1	229.36	0.30
355.78	1	229.43	0.34
355.96	1	229.47	0.30
356.13	1	229.54	0.30
356.31	1	229.61	0.32
356.49	1	229.65	0.32
356.67	1	229.72	0.32
356.85	1	229.76	0.32
357.03	1	229.83	0.32
357.21	1	229.86	0.32
357.39	1	229.94	0.32
357.57	1	230.01	0.32
357.75	1	230.04	0.32
357.92	1	230.12	0.32
358.10	1	230.15	0.30
358.28	1	230.22	0.32
358.46	1	230.30	0.32
358.64	1	230.37	0.34
358.82	1	230.44	0.34
359.00	1	230.55	0.38
359.18	1	230.58	0.36
359.36	1	230.62	0.34
359.54	1	230.69	0.36
359.71	1	230.73	0.34
359.89	1	230.84	0.38
360.07	1	230.91	0.38
360.25	1	230.95	0.36
360.43	1	231.02	0.36
360.61	1	231.05	0.34
360.79	1	231.13	0.32
360.97	1	231.20	0.34
361.15	1	231.27	0.36
361.33	1	231.31	0.34
361.50	1	231.38	0.36
361.68	1	231.45	0.34
361.86	1	231.56	0.36
362.04	1	231.63	0.38
362.22	1	231.67	0.36
362.40	1	231.74	0.38
362.58	1	231.81	0.38
362.76	1	231.88	0.38
362.94	1	231.95	0.38
363.11	1	231.99	0.38
363.29	1	232.10	0.40
363.47	1	232.13	0.38
363.65	1	232.24	0.38
363.83	1	232.28	0.36
364.01	1	232.39	0.40
364.19	1	232.42	0.38
364.37	1	232.50	0.38
364.55	1	232.60	0.40
364.73	1	232.68	0.40
364.91	1	232.71	0.40
365.08	1	232.78	0.38
365.26	1	232.86	0.40
365.44	1	232.96	0.40
365.62	1	233.04	0.42
365.80	1	233.07	0.38
365.98	1	233.22	0.44
366.16	1	233.25	0.42
366.34	1	233.32	0.40
366.52	1	233.40	0.40
366.70	1	233.47	0.42
366.87	1	233.50	0.40
367.05	1	233.61	0.42
367.23	1	233.69	0.40
367.41	1	233.76	0.40
367.59	1	233.83	0.42
367.77	1	233.90	0.38
367.95	1	233.97	0.40
368.13	1	234.05	0.40
368.31	1	234.12	0.40
368.48	1	234.19	0.40
368.66	1	234.26	0.42
368.84	1	234.33	0.40
369.02	1	234.44	0.42
369.20	1	234.48	0.40
369.38	1	234.59	0.42
369.56	0	234.66	0.42
369.74	0	234.73	0.42
369.92	0	234.77	0.40
370.10	0	234.88	0.42
370.27	0	234.91	0.40
370.45	0	235.02	0.42
370.63	0	235.09	0.42
370.81	0	235.16	0.40
370.99	0	235.20	0.40
371.17	0	235.27	0.38
371.35	0	235.38	0.40
371.53	0	235.42	0.38
371.71	0	235.49	0.40
371.89	0	235.56	0.38
372.06	0	235.63	0.40
372.24	0	235.71	0.38
372.42	0	235.78	0.38
372.60	0	235.85	0.38
372.78	0	235.96	0.42
372.96	0	236.03	0.42
373.14	0	236.07	0.38
373.32	0	236.17	0.42
373.50	0	236.25	0.42
373.67	0	236.28	0.40
373.85	0	236.36	0.40
374.03	0	236.39	0.38
374.21	0	236.50	0.40
374.39	0	236.57	0.40
374.57	0	236.64	0.38
374.75	0	236.72	0.38
374.93	0	236.79	0.40
375.11	0	236.86	0.38
375.29	0	236.93	0.38
375.47	0	237.01	0.40
375.64	0	237.08	0.40
375.82	0	237.15	0.42
376.00	0	237.19	0.38
376.18	0	237.26	0.38
376.36	0	237.33	0.38
376.54	0	237.40	0.38
376.72	0	237.44	0.36
376.90	0	237.51	0.36
377.08	0	237.62	0.38
377.25	0	237.69	0.38
377.43	0	237.73	0.36
377.61	0	237.80	0.36
377.79	0	237.87	0.38
377.97	0	237.94	0.38
378.15	0	238.02	0.38
378.33	0	238.05	0.36
378.51	0	238.12	0.38
378.69	0	238.16	0.36
378.86	0	238.23	0.34
379.04	0	238.31	0.34
379.22	0	238.31	0.32
379.40	0	238.41	0.34
379.58	0	238.45	0.32
379.76	0	238.52	0.32
379.94	0	238.56	0.30
380.12	0	238.59	0.30
380.30	0	238.67	0.30
380.48	0	238.74	0.32
380.66	0	238.77	0.30
380.83	0	238.85	0.30
381.01	0	238.88	0.32
381.19	0	238.92	0.28
381.37	0	238.96	0.28
381.55	0	239.03	0.28
381.73	0	239.06	0.28
381.91	0	239.14	0.30
382.09	0	239.14	0.26
382.27	0	239.21	0.26
382.45	0	239.24	0.26
382.62	0	239.28	0.24
382.80	0	239.35	0.26
382.98	0	239.35	0.24
383.16	0	239.39	0.24
383.34	0	239.46	0.24
383.52	0	239.43	0.20
383.70	0	239.50	0.20
383.88	0	239.57	0.24
384.06	0	239.61	0.22
384.23	0	239.64	0.22
384.41	0	239.64	0.20
384.59	0	239.68	0.18
384.77	0	239.71	0.20
384.95	0	239.75	0.20
385.13	0	239.75	0.16
385.31	0	239.82	0.22
385.49	0	239.86	0.20
385.67	0	239.89	0.18
385.85	0	239.93	0.18
386.02	0	239.93	0.16
386.20	0	239.97	0.18
386.38	0	240.00	0.18
386.56	0	240.04	0.18
386.74	0	240.08	0.18
386.92	0	240.08	0.18
387.10	0	240.11	0.16
387.28	0	240.11	0.14
387.46	0	240.15	0.14
387.64	0	240.15	0.12
387.81	0	240.22	0.16
387.99	0	240.22	0.14
388.17	0	240.26	0.14
388.35	0	240.29	0.14
388.53	0	240.26	0.10
388.71	0	240.29	0.12
388.89	0	240.33	0.12
389.07	0	240.33	0.12
389.25	0	240.33	0.10
389.42	0	240.36	0.12
389.60	0	240.36	0.08
389.78	0	240.44	0.12
389.96	0	240.44	0.10
390.14	0	240.44	0.08
390.32	0	240.44	0.10
390.50	0	240.47	0.10
390.68	0	240.51	0.10
390.86	0	240.51	0.10
391.04	0	240.51	0.10
391.22	0	240.58	0.12
391.39	0	240.58	0.12
391.57	0	240.58	0.08
391.75	0	240.58	0.08
391.93	0	240.58	0.08
392.11	0	240.62	0.10
392.29	0	240.62	0.08
392.47	0	240.62	0.06
392.65	0	240.62	0.06
392.83	0	240.58	0.04
393.01	0	240.62	0.02
393.18	0	240.65	0.04
393.36	0	240.65	0.04
393.54	0	240.65	0.04
393.72	0	240.65	0.04
393.90	0	240.65	0.02
394.08	0	240.65	0.02
394.26	0	240.65	0.02
394.44	0	240.69	0.04
394.61	0	240.69	0.06
394.79	0	240.69	0.04
394.97	0	240.69	0.02
395.15	0	240.73	0.04
395.33	0	240.69	0.02
395.51	0	240.69	0.02
395.69	0	240.69	0.02
395.87	0	240.73	0.04
396.05	0	240.69	0.02
396.23	0	240.69	0.00
396.40	0	240.73	0.02
396.58	0	240.69	0.00
396.76	0	240.69	0.00
396.94	0	240.69	-0.02
397.12	0	240.69	0.00
397.30	0	240.69	0.00
397.48	0	240.69	0.00
397.66	0	240.69	-0.02
397.84	0	240.69	0.00
398.02	0	240.65	-0.02
398.19	0	240.69	-0.02
398.37	0	240.65	-0.02
398.55	0	240.65	-0.02
398.73	0	240.62	-0.04
398.91	0	240.62	-0.04
399.09	0	240.62	-0.04
399.27	0	240.62	-0.04
399.45	0	240.58	-0.06
399.63	0	240.62	-0.04
399.80	0	240.58	-0.04
399.98	0	240.58	-0.06
400.16	0	240.55	-0.06
400.34	0	240.55	-0.06
400.52	0	240.55	-0.04
400.70	0	240.55	-0.04
400.88	0	240.51	-0.06
401.06	0	240.47	-0.08
401.24	0	240.47	-0.06
401.42	0	240.47	-0.08
401.59	0	240.44	-0.08
401.77	0	240.44	-0.08
401.95	0	240.44	-0.06
402.13	0	240.40	-0.08
402.31	0	240.36	-0.10
402.49	0	240.40	-0.08
402.67	0	240.33	-0.10
402.85	0	240.33	-0.08
403.03	0	240.33	-0.08
403.20	0	240.33	-0.08
403.38	0	240.29	-0.08
403.56	0	240.26	-0.10
403.74	0	240.26	-0.10
403.92	0	240.22	-0.10
404.10	0	240.22	-0.08
404.28	0	240.18	-0.12
404.46	0	240.18	-0.08
404.64	0	240.18	-0.08
404.82	0	240.15	-0.10
405.00	0	240.11	-0.12
405.17	0	240.11	-0.10
405.35	0	240.08	-0.10
405.53	0	240.08	-0.10
405.71	0	240.04	-0.10
405.89	0	240.04	-0.10
406.07	0	240.00	-0.10
406.25	0	239.97	-0.12
406.43	0	239.93	-0.14
406.61	0	239.89	-0.14
406.79	0	239.89	-0.12
406.96	0	239.86	-0.14
407.14	0	239.86	-0.12
407.32	0	239.82	-0.14
407.50	0	239.79	-0.14
407.68	0	239.75	-0.16
407.86	0	239.71	-0.16
408.04	0	239.71	-0.14
408.22	0	239.68	-0.14
408.39	0	239.68	-0.12
408.58	0	239.64	-0.14
408.75	0	239.61	-0.14
408.93	0	239.57	-0.16
409.11	0	239.53	-0.16
409.29	0	239.50	-0.16
409.47	0	239.46	-0.16
409.65	0	239.46	-0.14
409.83	0	239.39	-0.18
410.01	0	239.39	-0.16
410.19	0	239.35	-0.18
410.36	0	239.32	-0.18
410.54	0	239.28	-0.18
410.72	0	239.24	-0.18
410.90	0	239.21	-0.18
411.08	0	239.17	-0.18
411.26	0	239.17	-0.16
411.44	0	239.14	-0.18
411.62	0	239.10	-0.16
411.80	0	239.03	-0.20
411.98	0	239.03	-0.18
412.15	0	238.96	-0.20
412.33	0	238.96	-0.18
412.51	0	238.88	-0.20
412.69	0	238.88	-0.18
412.87	0	238.85	-0.18
413.05	0	238.77	-0.22
413.23	0	238.77	-0.20
413.41	0	238.77	-0.18
413.59	0	238.74	-0.16
413.77	0	238.63	-0.22
413.94	0	238.63	-0.18
414.12	0	238.59	-0.20
414.30	0	238.56	-0.18
414.48	0	238.49	-0.22
414.66	0	238.49	-0.20
414.84	0	238.45	-0.18
415.02	0	238.41	-0.20
415.20	0	238.38	-0.22
415.38	0	238.31	-0.24
415.55	0	238.31	-0.18
415.73	0	238.23	-0.22
415.91	0	238.20	-0.22
416.09	0	238.16	-0.22
416.27	0	238.09	-0.22
416.45	0	238.09	-0.22
416.63	0	238.05	-0.22
416.81	0	238.02	-0.22
416.99	0	237.94	-0.24
417.17	0	237.94	-0.20
417.35	0	237.87	-0.24
417.52	0	237.84	-0.22
417.70	0	237.80	-0.22
417.88	0	237.76	-0.22
418.06	0	237.69	-0.22
418.24	0	237.65	-0.24
418.42	0	237.62	-0.24
418.60	0	237.58	-0.24
418.78	0	237.55	-0.22
418.96	0	237.47	-0.26
419.14	0	237.44	-0.24
419.31	0	237.40	-0.24
419.49	0	237.33	-0.26
419.67	0	237.29	-0.26
419.85	0	237.26	-0.24
420.03	0	237.22	-0.24
420.21	0	237.15	-0.26
420.39	0	237.11	-0.26
420.57	0	237.08	-0.26
420.75	0	237.04	-0.24
420.92	0	236.97	-0.26
421.10	0	236.97	-0.24
421.28	0	236.90	-0.24
421.46	0	236.82	-0.26
421.64	0	236.82	-0.24
421.82	0	236.75	-0.26
422.00	0	236.68	-0.26
422.18	0	236.64	-0.26
422.36	0	236.61	-0.26
422.54	0	236.54	-0.28
422.71	0	236.50	-0.26
422.89	0	236.46	-0.28
423.07	0	236.39	-0.28
423.25	0	236.36	-0.26
423.43	0	236.28	-0.30
423.61	0	236.25	-0.28
423.79	0	236.17	-0.28
423.97	0	236.17	-0.26
424.15	0	236.10	-0.28
424.33	0	236.07	-0.26
424.50	0	235.96	-0.30
424.68	0	235.92	-0.30
424.86	0	235.89	-0.28
425.04	0	235.85	-0.28
425.22	0	235.81	-0.26
425.40	0	235.74	-0.28
425.58	0	235.71	-0.26
425.76	0	235.63	-0.30
425.94	0	235.60	-0.28
426.11	0	235.53	-0.30
426.29	0	235.49	-0.26
426.47	0	235.42	-0.28
426.65	0	235.38	-0.28
426.83	0	235.31	-0.30
427.01	0	235.27	-0.30
427.19	0	235.20	-0.30
427.37	0	235.13	-0.32
427.55	0	235.13	-0.28
427.73	0	235.06	-0.30
427.91	0	234.98	-0.30
428.08	0	234.95	-0.30
428.26	0	234.88	-0.30
428.44	0	234.84	-0.30
428.62	0	234.77	-0.30
428.80	0	234.73	-0.30
428.98	0	234.66	-0.30
429.16	0	234.62	-0.28
429.34	0	234.55	-0.32
429.52	0	234.51	-0.30
429.70	0	234.44	-0.30
429.87	0	234.41	-0.30
430.05	0	234.33	-0.30
430.23	0	234.30	-0.30
430.41	0	234.23	-0.30
430.59	0	234.19	-0.30
430.77	0	234.12	-0.30
430.95	0	234.05	-0.32
431.13	0	233.97	-0.32
431.30	0	233.94	-0.32
431.48	0	233.87	-0.32
431.66	0	233.83	-0.32
431.84	0	233.76	-0.32
432.02	0	233.72	-0.32
432.20	0	233.65	-0.32
432.38	0	233.61	-0.32
432.56	0	233.54	-0.32
432.74	0	233.50	-0.30
432.92	0	233.43	-0.30
433.10	0	233.40	-0.30
433.27	0	233.32	-0.30
433.45	0	233.29	-0.30
433.63	0	233.22	-0.30
433.81	0	233.18	-0.30
433.99	0	233.11	-0.30
434.17	0	233.04	-0.32
434.35	0	232.96	-0.32
434.53	0	232.93	-0.32
434.71	0	232.86	-0.32
434.89	0	232.78	-0.34
435.06	0	232.75	-0.32
435.24	0	232.71	-0.32
435.42	0	232.64	-0.32
435.60	0	232.60	-0.32
435.78	0	232.53	-0.32
435.96	0	232.46	-0.32
436.14	0	232.42	-0.30
436.32	0	232.35	-0.32
436.50	0	232.28	-0.32
436.67	0	232.24	-0.30
436.85	0	232.21	-0.30
437.03	0	232.13	-0.32
437.21	0	232.10	-0.30
437.39	0	231.99	-0.34
437.57	0	231.95	-0.32
437.75	0	231.88	-0.32
437.93	0	231.85	-0.32
438.11	0	231.77	-0.32
438.29	0	231.70	-0.32
438.47	0	231.63	-0.34
438.64	0	231.59	-0.34
438.82	0	231.52	-0.34
439.00	0	231.49	-0.34
439.18	0	231.41	-0.32
439.36	0	231.34	-0.34
439.54	0	231.31	-0.32
439.72	0	231.23	-0.34
439.90	0	231.16	-0.34
440.08	0	231.13	-0.32
440.26	0	231.05	-0.32
440.43	0	230.98	-0.34
440.61	0	230.95	-0.32
440.79	0	230.87	-0.34
440.97	0	230.80	-0.34
441.15	0	230.77	-0.32
441.33	0	230.69	-0.34
441.51	0	230.62	-0.34
441.69	0	230.51	-0.36
441.87	0	230.48	-0.36
442.05	0	230.40	-0.36
442.22	0	230.37	-0.34
442.40	0	230.30	-0.36
442.58	0	230.22	-0.36
442.76	0	230.19	-0.34
442.94	0	230.08	-0.38
443.12	0	230.04	-0.36
443.30	0	230.01	-0.34
443.48	0	229.90	-0.34
443.66	0	229.83	-0.36
443.83	0	229.79	-0.34
444.01	0	229.68	-0.38
444.19	0	229.65	-0.36
444.37	0	229.58	-0.36
444.55	0	229.50	-0.38
444.73	0	229.43	-0.36
444.91	0	229.36	-0.38
445.09	0	229.32	-0.38
445.27	0	229.25	-0.36
445.45	0	229.18	-0.36
445.63	0	229.11	-0.38
445.80	0	229.04	-0.36
445.98	0	228.96	-0.38
446.16	0	228.93	-0.36
446.34	0	228.82	-0.38
446.52	0	228.75	-0.38
446.70	0	228.71	-0.36
446.88	0	228.64	-0.38
447.06	0	228.57	-0.38
447.24	0	228.50	-0.38
447.41	0	228.42	-0.38
447.59	0	228.35	-0.38
447.77	0	228.28	-0.38
447.95	0	228.24	-0.38
448.13	0	228.17	-0.36
448.31	0	228.14	-0.34
448.49	0	228.03	-0.38
448.67	0	227.96	-0.38
448.85	0	227.88	-0.38
449.03	0	227.81	-0.38
449.20	0	227.78	-0.36
449.38	0	227.67	-0.38
449.56	0	227.63	-0.36
449.74	0	227.56	-0.38
449.92	0	227.52	-0.36
450.10	0	227.45	-0.38
450.28	0	227.34	-0.38
450.46	0	227.31	-0.36
450.64	0	227.24	-0.36
450.82	0	227.16	-0.36
450.99	0	227.09	-0.38
451.17	0	227.02	-0.36
451.35	0	226.98	-0.36
451.53	0	226.88	-0.38
451.71	0	226.84	-0.38
451.89	0	226.77	-0.38
452.07	0	226.70	-0.36
452.25	0	226.62	-0.38
452.43	0	226.55	-0.38
452.60	0	226.52	-0.36
452.78	0	226.44	-0.36
452.96	0	226.37	-0.36
453.14	0	226.30	-0.38
453.32	0	226.23	-0.36
453.50	0	226.16	-0.38
453.68	0	226.08	-0.38
453.86	0	226.01	-0.38
454.04	0	225.94	-0.38
454.22	0	225.87	-0.38
454.39	0	225.83	-0.38
454.57	0	225.72	-0.40
454.75	0	225.69	-0.38
454.93	0	225.58	-0.40
455.11	0	225.51	-0.40
455.29	0	225.47	-0.38
455.47	0	225.36	-0.40
455.65	0	225.29	-0.40
455.83	0	225.22	-0.40
456.01	0	225.15	-0.40
456.18	0	225.08	-0.42
456.36	0	225.00	-0.40
456.54	0	224.93	-0.42
456.72	0	224.86	-0.40
456.90	0	224.83	-0.38
457.08	0	224.72	-0.42
457.26	0	224.68	-0.38
457.44	0	224.54	-0.42
457.62	0	224.50	-0.40
457.80	0	224.43	-0.40
457.97	0	224.36	-0.40
458.15	0	224.25	-0.42
458.33	0	224.21	-0.40
458.51	0	224.11	-0.42
458.69	0	224.07	-0.42
458.87	0	224.00	-0.40
459.05	0	223.93	-0.42
459.23	0	223.85	-0.38
459.41	0	223.78	-0.40
459.58	0	223.71	-0.40
459.76	0	223.64	-0.40
459.94	0	223.57	-0.38
460.12	0	223.49	-0.40
460.30	0	223.42	-0.38
460.48	0	223.35	-0.40
460.66	0	223.28	-0.40
460.84	0	223.21	-0.40
461.02	0	223.10	-0.42
461.20	0	223.03	-0.42
461.38	0	222.96	-0.42
461.55	0	222.92	-0.40
461.73	0	222.81	-0.42
461.91	0	222.74	-0.42
462.09	0	222.70	-0.40
462.27	0	222.63	-0.40
462.45	0	222.52	-0.42
462.63	0	222.42	-0.44
462.81	0	222.42	-0.38
462.99	0	222.31	-0.40
463.17	0	222.27	-0.38
463.34	0	222.16	-0.42
463.52	0	222.06	-0.42
463.70	0	221.99	-0.42
463.88	0	221.95	-0.42
464.06	0	221.91	-0.40
464.24	0	221.81	-0.40
464.42	0	221.73	-0.38
464.60	0	221.66	-0.42
464.78	0	221.63	-0.38
464.95	0	221.52	-0.42
465.13	0	221.48	-0.38
465.31	0	221.37	-0.38
465.49	0	221.30	-0.38
465.67	0	221.23	-0.40
465.85	0	221.12	-0.44
466.03	0	221.09	-0.40
466.21	0	221.01	-0.40
466.39	0	220.91	-0.42
466.57	0	220.84	-0.44
466.75	0	220.76	-0.42
466.92	0	220.69	-0.44
467.10	0	220.62	-0.42
467.28	0	220.58	-0.40
467.46	0	220.48	-0.42
467.64	0	220.40	-0.40
467.82	0	220.37	-0.40
468.00	0	220.30	-0.40
468.18	0	220.22	-0.38
468.36	0	220.12	-0.40
468.54	0	220.05	-0.40
468.71	0	219.97	-0.40
468.89	0	219.87	-0.42
469.07	0	219.79	-0.44
469.25	0	219.72	-0.42
469.43	0	219.65	-0.42
469.61	0	219.58	-0.44
469.79	0	219.51	-0.44
469.97	0	219.43	-0.44
470.15	0	219.33	-0.44
470.33	0	219.29	-0.42
470.50	0	219.18	-0.44
470.68	0	219.15	-0.40
470.86	0	219.04	-0.42
471.04	0	218.97	-0.42
471.22	0	218.90	-0.42
471.40	0	218.82	-0.42
471.58	0	218.72	-0.44
471.76	0	218.72	-0.40
471.94	0	218.61	-0.40
472.11	0	218.54	-0.42
472.29	0	218.47	-0.40
472.47	0	218.39	-0.42
472.65	0	218.29	-0.42
472.83	0	218.21	-0.42
473.01	0	218.18	-0.40
473.19	0	218.11	-0.40
473.37	0	218.03	-0.38
473.55	0	217.96	-0.42
473.73	0	217.89	-0.40
473.90	0	217.78	-0.42
474.08	0	217.75	-0.40
474.26	0	217.64	-0.42
474.44	0	217.60	-0.38
474.62	0	217.53	-0.38
474.80	0	217.39	-0.44
474.98	0	217.35	-0.42
475.16	0	217.28	-0.42
475.34	0	217.21	-0.42
475.51	0	217.14	-0.42
475.69	0	217.07	-0.40
475.87	0	216.96	-0.44
476.05	0	216.92	-0.40
476.23	0	216.85	-0.42
476.41	0	216.74	-0.44
476.59	0	216.71	-0.38
476.77	0	216.60	-0.42
476.95	0	216.56	-0.40
477.13	0	216.49	-0.40
477.30	0	216.38	-0.42
477.48	0	216.31	-0.42
477.66	0	216.24	-0.40
477.84	0	216.13	-0.44
478.02	0	216.10	-0.42
478.20	0	215.99	-0.42
478.38	0	215.92	-0.44
478.56	0	215.85	-0.42
478.74	0	215.77	-0.44
478.92	0	215.70	-0.44
479.09	0	215.60	-0.44
479.27	0	215.56	-0.42
479.45	0	215.49	-0.42
479.63	0	215.38	-0.42
479.81	0	215.34	-0.42
479.99	0	215.24	-0.42
480.17	0	215.17	-0.42
480.35	0	215.09	-0.42
480.53	0	215.02	-0.42
480.70	0	214.95	-0.42
480.88	0	214.84	-0.42
481.06	0	214.77	-0.44
481.24	0	214.70	-0.44
481.42	0	214.63	-0.42
481.60	0	214.56	-0.44
481.78	0	214.48	-0.42
481.96	0	214.41	-0.42
482.14	0	214.34	-0.42
482.32	0	214.27	-0.42
482.50	0	214.20	-0.42
482.67	0	214.13	-0.40
482.85	0	214.02	-0.42
483.03	0	213.95	-0.42
483.21	0	213.87	-0.42
483.39	0	213.80	-0.42
483.57	0	213.70	-0.44
483.75	0	213.70	-0.40
483.93	0	213.55	-0.44
484.11	0	213.48	-0.44
484.29	0	213.44	-0.42
484.46	0	213.34	-0.44
484.64	0	213.30	-0.40
484.82	0	213.19	-0.42
485.00	0	213.12	-0.42
485.18	0	213.09	-0.40
485.36	0	213.01	-0.38
485.54	0	212.91	-0.44
485.72	0	212.84	-0.40
485.90	0	212.73	-0.42
486.08	0	212.69	-0.42
486.25	0	212.58	-0.42
486.43	0	212.55	-0.42
486.61	0	212.48	-0.40
486.79	0	212.37	-0.42
486.97	0	212.33	-0.42
487.15	0	212.26	-0.42
487.33	0	212.15	-0.42
487.51	0	212.12	-0.40
487.69	0	212.05	-0.38
487.86	0	211.98	-0.40
488.04	0	211.87	-0.40
488.22	0	211.80	-0.42
488.40	0	211.72	-0.42
488.58	0	211.65	-0.40
488.76	0	211.58	-0.42
488.94	0	211.51	-0.42
489.12	0	211.44	-0.40
489.30	0	211.37	-0.42
489.48	0	211.30	-0.42
489.66	0	211.22	-0.42
489.83	0	211.12	-0.42
490.01	0	211.08	-0.40
490.19	0	210.97	-0.42
490.37	0	210.90	-0.42
490.55	0	210.83	-0.42
490.73	0	210.76	-0.42
490.91	0	210.69	-0.42
491.09	0	210.61	-0.42
491.27	0	210.54	-0.42
491.45	0	210.44	-0.44
491.62	0	210.40	-0.40
491.80	0	210.33	-0.42
491.98	0	210.26	-0.40
492.16	0	210.15	-0.42
492.34	0	210.11	-0.40
492.52	0	210.01	-0.42
492.70	0	209.97	-0.40
492.88	0	209.86	-0.42
493.06	0	209.76	-0.44
493.23	0	209.68	-0.42
493.41	0	209.61	-0.44
493.59	0	209.58	-0.42
493.77	0	209.47	-0.44
493.95	0	209.40	-0.42
494.13	0	209.36	-0.42
494.31	0	209.22	-0.44
494.49	0	209.18	-0.44
494.67	0	209.11	-0.42
494.85	0	209.04	-0.40
495.02	0	208.97	-0.40
495.20	0	208.86	-0.42
495.38	0	208.79	-0.44
495.56	0	208.75	-0.40
495.74	0	208.65	-0.42
495.92	0	208.57	-0.44
496.10	0	208.50	-0.40
496.28	0	208.43	-0.42
496.46	0	208.36	-0.42
496.64	0	208.29	-0.42
496.81	0	208.18	-0.44
496.99	0	208.11	-0.42
497.17	0	208.04	-0.42
497.35	0	207.97	-0.44
497.53	0	207.89	-0.42
497.71	0	207.82	-0.42
497.89	0	207.75	-0.42
498.07	0	207.68	-0.42
498.25	0	207.61	-0.42
498.42	0	207.54	-0.42
498.60	0	207.47	-0.40
498.78	0	207.39	-0.40
498.96	0	207.32	-0.40
499.14	0	207.25	-0.40
499.32	0	207.18	-0.40
499.50	0	207.11	-0.40
499.68	0	207.04	-0.40
499.86	0	206.93	-0.42
500.04	0	206.86	-0.42
500.21	0	206.79	-0.42
500.39	0	206.68	-0.44
500.57	0	206.68	-0.40
500.75	0	206.57	-0.42
500.93	0	206.50	-0.42
501.11	0	206.43	-0.42
501.29	0	206.39	-0.40
501.47	0	206.25	-0.44
501.65	0	206.14	-0.44
501.83	0	206.07	-0.44
502.00	0	205.93	-0.48
502.18	0	205.78	-0.50
502.36	0	205.64	-0.58
502.54	0	205.53	-0.58
502.72	0	205.39	-0.62
502.90	0	205.25	-0.66
503.08	0	205.11	-0.72
503.26	0	204.93	-0.74
503.44	0	204.75	-0.78
503.61	0	204.61	-0.82
503.79	0	204.43	-0.84
503.97	0	204.18	-0.90
504.15	0	204.03	-0.90
504.33	0	203.82	-0.96
504.51	0	203.64	-0.98
504.69	0	203.43	-1.02
504.87	0	203.25	-1.04
505.05	0	203.03	-1.06
505.23	0	202.82	-1.08
505.41	0	202.60	-1.12
505.58	0	202.35	-1.16
505.76	0	202.14	-1.14
505.94	0	201.93	-1.18
506.12	0	201.71	-1.18
506.30	0	201.46	-1.22
506.48	0	201.21	-1.24
506.66	0	201.00	-1.26
506.84	0	200.75	-1.28
507.02	0	200.50	-1.30
507.20	0	200.28	-1.30
507.37	0	200.03	-1.30
507.55	0	199.78	-1.32
507.73	0	199.57	-1.32
507.91	0	199.28	-1.36
508.09	0	199.07	-1.34
508.27	0	198.82	-1.34
508.45	0	198.57	-1.36
508.63	0	198.29	-1.38
508.81	0	198.04	-1.38
508.98	0	197.79	-1.40
509.16	0	197.50	-1.41
509.34	0	197.22	-1.43
509.52	0	196.93	-1.48
509.70	0	196.68	-1.45
509.88	0	196.43	-1.47
510.06	0	196.15	-1.49
510.24	0	195.86	-1.51
510.42	0	195.61	-1.49
510.60	0	195.36	-1.49
510.77	0	195.11	-1.49
510.95	0	194.83	-1.49
511.13	0	194.54	-1.49
511.31	0	194.29	-1.47
511.49	0	194.01	-1.49
511.67	0	193.76	-1.49
511.85	0	193.44	-1.51
512.03	0	193.19	-1.49
512.21	0	192.90	-1.51
512.39	0	192.62	-1.53
512.57	0	192.37	-1.53
512.74	0	192.05	-1.55
512.92	0	191.80	-1.53
513.10	0	191.52	-1.55
513.28	0	191.23	-1.55
513.46	0	190.98	-1.55
513.64	0	190.70	-1.53
513.82	0	190.45	-1.53
514.00	0	190.16	-1.53
514.18	0	189.84	-1.55
514.35	0	189.60	-1.55
514.53	0	189.35	-1.51
514.71	0	189.06	-1.53
514.89	0	188.78	-1.53
515.07	0	188.53	-1.51
515.25	0	188.24	-1.53
515.43	0	188.00	-1.51
515.61	0	187.71	-1.53
515.79	0	187.46	-1.51
515.97	0	187.14	-1.51
516.15	0	186.93	-1.49
516.32	0	186.61	-1.53
516.50	0	186.36	-1.51
516.68	0	186.08	-1.51
516.86	0	185.76	-1.55
517.04	0	185.51	-1.53
517.22	0	185.22	-1.55
517.40	0	184.94	-1.55
517.58	0	184.69	-1.55
517.76	0	184.44	-1.51
517.94	0	184.16	-1.55
518.11	0	183.91	-1.51
518.29	0	183.63	-1.53
518.47	0	183.38	-1.51
518.65	0	183.09	-1.49
518.83	0	182.81	-1.51
519.01	0	182.60	-1.47
519.19	0	182.35	-1.45
519.37	0	182.10	-1.45
519.54	0	181.85	-1.45
519.72	0	181.53	-1.47
519.90	0	181.32	-1.45
520.08	0	181.07	-1.43
520.26	0	180.79	-1.45
520.44	0	180.54	-1.43
520.62	0	180.25	-1.43
520.80	0	180.01	-1.45
520.98	0	179.72	-1.47
521.16	0	179.47	-1.47
521.34	0	179.19	-1.49
521.52	0	178.98	-1.43
521.69	0	178.66	-1.49
521.87	0	178.41	-1.49
522.05	0	178.16	-1.47
522.23	0	177.88	-1.49
522.41	0	177.63	-1.47
522.59	0	177.35	-1.49
522.77	0	177.06	-1.49
522.95	0	176.82	-1.48
523.13	0	176.57	-1.47
523.30	0	176.28	-1.50
523.48	0	176.00	-1.49
523.66	0	175.75	-1.48
523.84	0	175.43	-1.52
524.02	0	175.22	-1.48
524.20	0	174.94	-1.50
524.38	0	174.66	-1.50
524.56	0	174.37	-1.50
524.74	0	174.09	-1.52
524.91	0	173.88	-1.50
525.09	0	173.63	-1.48
525.27	0	173.35	-1.48
525.45	0	173.10	-1.48
525.63	0	172.89	-1.42
525.81	0	172.60	-1.46
525.99	0	172.36	-1.44
526.17	0	172.11	-1.42
526.35	0	171.86	-1.40
526.53	0	171.61	-1.38
526.71	0	171.36	-1.40
526.88	0	171.12	-1.40
527.06	0	170.83	-1.40
527.24	0	170.62	-1.38
527.42	0	170.34	-1.42
527.60	0	170.09	-1.40
527.78	0	169.84	-1.40
527.96	0	169.60	-1.40
528.14	0	169.31	-1.42
528.32	0	169.07	-1.42
528.50	0	168.78	-1.44
528.67	0	168.57	-1.42
528.85	0	168.29	-1.42
529.03	0	168.04	-1.44
529.21	0	167.76	-1.44
529.39	0	167.55	-1.42
529.57	0	167.30	-1.42
529.75	0	167.05	-1.42
529.93	0	166.81	-1.40
530.11	0	166.52	-1.42
530.28	0	166.28	-1.40
530.46	0	166.03	-1.42
530.64	0	165.82	-1.38
530.82	0	165.53	-1.40
531.00	0	165.32	-1.36
531.18	0	165.04	-1.40
531.36	0	164.83	-1.38
531.54	0	164.58	-1.38
531.72	0	164.33	-1.38
531.90	0	164.16	-1.32
532.08	0	163.91	-1.32
532.25	0	163.63	-1.34
532.43	0	163.42	-1.34
532.61	0	163.21	-1.30
532.79	0	162.96	-1.32
532.97	0	162.71	-1.30
533.15	0	162.50	-1.30
533.33	0	162.29	-1.28
533.51	0	162.08	-1.26
533.69	0	161.87	-1.28
533.86	0	161.62	-1.28
534.04	0	161.41	-1.24
534.22	0	161.20	-1.24
534.40	0	160.95	-1.26
534.58	0	160.74	-1.24
534.76	0	160.49	-1.24
534.94	0	160.28	-1.24
535.12	0	160.07	-1.24
535.30	0	159.82	-1.26
535.48	0	159.61	-1.26
535.65	0	159.36	-1.26
535.83	0	159.15	-1.26
536.01	0	158.90	-1.28
536.19	0	158.69	-1.26
536.37	0	158.45	-1.28
536.55	0	158.24	-1.26
536.73	0	158.02	-1.26
536.91	0	157.81	-1.26
537.09	0	157.60	-1.24
537.27	0	157.39	-1.24
537.44	0	157.14	-1.24
537.62	0	156.97	-1.22
537.80	0	156.76	-1.20
537.98	0	156.51	-1.22
538.16	0	156.30	-1.20
538.34	0	156.09	-1.20
538.52	0	155.88	-1.20
538.70	0	155.63	-1.22
538.88	0	155.42	-1.22
539.06	0	155.21	-1.22
539.23	0	155.00	-1.20
539.41	0	154.75	-1.24
539.59	0	154.54	-1.24
539.77	0	154.33	-1.22
539.95	0	154.12	-1.22
540.13	0	153.87	-1.24
540.31	0	153.66	-1.24
540.49	0	153.48	-1.20
540.67	0	153.24	-1.22
540.85	0	153.03	-1.22
541.02	0	152.82	-1.22
541.20	0	152.60	-1.20
541.38	0	152.39	-1.20
541.56	0	152.15	-1.22
541.74	0	151.94	-1.22
541.92	0	151.73	-1.20
542.10	0	151.48	-1.22
542.28	0	151.27	-1.24
542.46	0	151.06	-1.22
542.64	0	150.85	-1.22
542.81	0	150.64	-1.22
542.99	0	150.39	-1.24
543.17	0	150.18	-1.24
543.35	0	149.97	-1.22
543.53	0	149.79	-1.20
543.71	0	149.55	-1.22
543.89	0	149.30	-1.22
544.07	0	149.13	-1.20
544.25	0	148.91	-1.20
544.42	0	148.67	-1.22
544.60	0	148.46	-1.22
544.78	0	148.25	-1.20
544.96	0	148.04	-1.20
545.14	0	147.83	-1.20
545.32	0	147.65	-1.20
545.50	0	147.40	-1.20
545.68	0	147.23	-1.16
545.86	0	147.02	-1.18
546.04	0	146.81	-1.18
546.21	0	146.60	-1.16
546.39	0	146.39	-1.16
546.57	0	146.21	-1.14
546.75	0	146.00	-1.14
546.93	0	145.79	-1.14
547.11	0	145.58	-1.16
547.29	0	145.37	-1.14
547.47	0	145.19	-1.14
547.65	0	144.98	-1.14
547.83	0	144.81	-1.12
548.00	0	144.63	-1.10
548.18	0	144.42	-1.10
548.36	0	144.25	-1.10
548.54	0	144.00	-1.12
548.72	0	143.79	-1.12
548.90	0	143.62	-1.10
549.08	0	143.40	-1.10
549.26	0	143.23	-1.10
549.44	0	143.05	-1.08
549.62	0	142.84	-1.10
549.79	0	142.63	-1.12
549.97	0	142.42	-1.12
550.15	0	142.25	-1.12
550.33	0	142.04	-1.10
550.51	0	141.79	-1.12
550.69	0	141.62	-1.12
550.87	0	141.44	-1.10
551.05	0	141.23	-1.12
551.23	0	141.02	-1.14
551.41	0	140.85	-1.12
551.58	0	140.60	-1.14
551.76	0	140.46	-1.10
551.94	0	140.25	-1.12
552.12	0	140.08	-1.10
552.30	0	139.87	-1.08
552.48	0	139.69	-1.08
552.66	0	139.52	-1.08
552.84	0	139.31	-1.08
553.02	0	139.13	-1.06
553.20	0	138.92	-1.08
553.37	0	138.75	-1.04
553.55	0	138.54	-1.08
553.73	0	138.36	-1.06
553.91	0	138.15	-1.08
554.09	0	137.97	-1.06
554.27	0	137.80	-1.06
554.45	0	137.62	-1.06
554.63	0	137.45	-1.04
554.81	0	137.27	-1.04
554.98	0	137.06	-1.04
555.16	0	136.89	-1.04
555.34	0	136.71	-1.02
555.52	0	136.51	-1.04
555.70	0	136.36	-1.00
555.88	0	136.16	-1.02
556.06	0	135.95	-1.04
556.24	0	135.77	-1.04
556.42	0	135.56	-1.06
556.60	0	135.39	-1.06
556.78	0	135.21	-1.04
556.95	0	135.00	-1.06
557.13	0	134.83	-1.06
557.31	0	134.65	-1.04
557.49	0	134.48	-1.06
557.67	0	134.27	-1.06
557.85	0	134.09	-1.04
558.03	0	133.92	-1.04
558.21	0	133.74	-1.02
558.39	0	133.53	-1.04
558.57	0	133.36	-1.04
558.74	0	133.18	-1.02
558.92	0	133.01	-1.02
559.10	0	132.80	-1.04
559.28	0	132.62	-1.04
559.46	0	132.45	-1.02
559.64	0	132.27	-1.02
559.82	0	132.10	-1.02
560.00	0	131.89	-1.03
560.18	0	131.75	-1.00
560.35	0	131.58	-1.00
560.53	0	131.37	-1.02
560.71	0	131.19	-1.02
560.89	0	131.02	-1.00
561.07	0	130.84	-1.00
561.25	0	130.63	-1.01
561.43	0	130.46	-1.01
561.61	0	130.28	-1.01
561.79	0	130.11	-1.00
561.97	0	129.90	-1.03
562.15	0	129.72	-1.03
562.32	0	129.52	-1.03
562.50	0	129.34	-1.03
562.68	0	129.13	-1.05
562.86	0	128.92	-1.07
563.04	0	128.78	-1.03
563.22	0	128.57	-1.05
563.40	0	128.40	-1.05
563.58	0	128.22	-1.05
563.76	0	128.01	-1.05
563.94	0	127.91	-1.01
564.11	0	127.67	-1.03
564.29	0	127.53	-1.01
564.47	0	127.32	-1.01
564.65	0	127.18	-0.97
564.83	0	127.00	-0.99
565.01	0	126.79	-0.99
565.19	0	126.58	-1.01
565.37	0	126.44	-0.99
565.55	0	126.27	-0.97
565.72	0	126.06	-1.03
565.90	0	125.92	-0.97
566.08	0	125.75	-0.99
566.26	0	125.57	-0.97
566.44	0	125.40	-0.99
566.62	0	125.22	-0.99
566.80	0	125.05	-0.97
566.98	0	124.91	-0.94
567.16	0	124.74	-0.95
567.34	0	124.56	-0.96
567.52	0	124.42	-0.92
567.69	0	124.25	-0.93
567.87	0	124.07	-0.93
568.05	0	123.90	-0.93
568.23	0	123.76	-0.92
568.41	0	123.59	-0.92
568.59	0	123.41	-0.92
568.77	0	123.27	-0.92
568.95	0	123.10	-0.92
569.13	0	122.96	-0.90
569.30	0	122.78	-0.92
569.48	0	122.64	-0.90
569.66	0	122.47	-0.90
569.84	0	122.33	-0.88
570.02	0	122.16	-0.90
570.20	0	121.98	-0.90
570.38	0	121.88	-0.86
570.56	0	121.67	-0.90
570.74	0	121.53	-0.88
570.91	0	121.32	-0.91
571.09	0	121.18	-0.90
571.27	0	121.01	-0.91
571.45	0	120.90	-0.88
571.63	0	120.69	-0.91
571.81	0	120.52	-0.91
571.99	0	120.38	-0.89
572.17	0	120.17	-0.95
572.35	0	120.03	-0.91
572.53	0	119.86	-0.93
572.71	0	119.68	-0.91
572.89	0	119.55	-0.91
573.06	0	119.37	-0.91
573.24	0	119.23	-0.93
573.42	0	119.09	-0.89
573.60	0	118.92	-0.89
573.78	0	118.75	-0.91
573.96	0	118.57	-0.90
574.14	0	118.47	-0.87
574.32	0	118.29	-0.87
574.50	0	118.12	-0.87
574.67	0	117.98	-0.88
574.85	0	117.81	-0.87
575.03	0	117.67	-0.87
575.21	0	117.49	-0.89
575.39	0	117.35	-0.87
575.57	0	117.18	-0.88
575.75	0	117.04	-0.86
575.93	0	116.87	-0.89
576.11	0	116.73	-0.87
576.28	0	116.59	-0.86
576.46	0	116.41	-0.87
576.64	0	116.24	-0.87
576.82	0	116.10	-0.87
577.00	0	115.93	-0.87
577.18	0	115.75	-0.89
577.36	0	115.65	-0.85
577.54	0	115.48	-0.87
577.72	0	115.34	-0.85
577.90	0	115.20	-0.85
578.08	0	115.06	-0.85
578.25	0	114.92	-0.84
578.43	0	114.78	-0.82
578.61	0	114.61	-0.84
578.79	0	114.47	-0.82
578.97	0	114.33	-0.80
579.15	0	114.15	-0.84
579.33	0	114.05	-0.80
579.51	0	113.84	-0.83
579.69	0	113.70	-0.83
579.86	0	113.53	-0.85
580.04	0	113.43	-0.83
580.22	0	113.29	-0.83
580.40	0	113.15	-0.82
580.58	0	113.01	-0.82
580.76	0	112.87	-0.82
580.94	0	112.73	-0.80
581.12	0	112.63	-0.80
581.30	0	112.45	-0.78
581.48	0	112.35	-0.76
581.66	0	112.21	-0.74
581.83	0	112.07	-0.76
582.01	0	111.97	-0.74
582.19	0	111.83	-0.74
582.37	0	111.65	-0.76
582.55	0	111.55	-0.74
582.73	0	111.38	-0.76
582.91	0	111.27	-0.76
583.09	0	111.13	-0.74
583.27	0	110.96	-0.78
583.44	0	110.82	-0.78
583.62	0	110.72	-0.76
583.80	0	110.58	-0.78
583.98	0	110.44	-0.78
584.16	0	110.33	-0.74
584.34	0	110.23	-0.74
584.52	0	110.06	-0.74
584.70	0	109.95	-0.74
584.88	0	109.81	-0.74
585.06	0	109.68	-0.72
585.23	0	109.57	-0.70
585.41	0	109.43	-0.72
585.59	0	109.33	-0.70
585.77	0	109.16	-0.72
585.95	0	109.05	-0.72
586.13	0	108.95	-0.72
586.31	0	108.81	-0.70
586.49	0	108.67	-0.72
586.67	0	108.53	-0.72
586.84	0	108.39	-0.72
587.02	0	108.29	-0.72
587.20	0	108.15	-0.72
587.38	0	108.08	-0.70
587.56	0	107.91	-0.70
587.74	0	107.77	-0.72
587.92	0	107.66	-0.72
588.10	0	107.59	-0.68
588.28	0	107.42	-0.70
588.46	0	107.28	-0.70
588.64	0	107.18	-0.68
588.81	0	107.07	-0.68
588.99	0	106.90	-0.70
589.17	0	106.80	-0.72
589.35	0	106.66	-0.70
589.53	0	106.55	-0.68
589.71	0	106.42	-0.70
589.89	0	106.28	-0.74
590.07	0	106.17	-0.70
590.25	0	106.03	-0.70
590.42	0	105.93	-0.70
590.60	0	105.79	-0.72
590.78	0	105.65	-0.70
590.96	0	105.55	-0.70
591.14	0	105.41	-0.70
591.32	0	105.24	-0.74
591.50	0	105.17	-0.70
591.68	0	105.03	-0.70
591.86	0	104.92	-0.70
592.03	0	104.79	-0.70
592.22	0	104.65	-0.72
592.39	0	104.54	-0.70
592.57	0	104.41	-0.70
592.75	0	104.30	-0.70
592.93	0	104.16	-0.70
593.11	0	104.09	-0.64
593.29	0	103.92	-0.70
593.47	0	103.82	-0.68
593.65	0	103.68	-0.70
593.83	0	103.54	-0.70
594.01	0	103.40	-0.70
594.18	0	103.30	-0.70
594.36	0	103.19	-0.68
594.54	0	103.05	-0.70
594.72	0	102.95	-0.68
594.90	0	102.81	-0.72
595.08	0	102.71	-0.68
595.26	0	102.57	-0.70
595.44	0	102.43	-0.70
595.61	0	102.29	-0.70
595.79	0	102.19	-0.68
595.97	0	102.05	-0.70
596.15	0	101.95	-0.70
596.33	0	101.84	-0.68
596.51	0	101.70	-0.70
596.69	0	101.60	-0.68
596.87	0	101.46	-0.70
597.05	0	101.36	-0.68
597.23	0	101.22	-0.68
597.41	0	101.15	-0.64
597.58	0	101.01	-0.66
597.76	0	100.91	-0.64
597.94	0	100.77	-0.66
598.12	0	100.67	-0.66
598.30	0	100.53	-0.66
598.48	0	100.39	-0.68
598.66	0	100.32	-0.64
598.84	0	100.18	-0.66
599.02	0	100.08	-0.64
599.20	0	99.97	-0.66
599.37	0	99.84	-0.66
599.55	0	99.73	-0.66
599.73	0	99.59	-0.66
599.91	0	99.52	-0.64
600.09	0	99.39	-0.64
600.27	0	99.28	-0.62
600.45	0	99.18	-0.64
600.63	0	99.07	-0.62
600.80	0	98.94	-0.64
600.98	0	98.83	-0.64
601.16	0	98.73	-0.62
601.34	0	98.62	-0.62
601.52	0	98.52	-0.60
601.70	0	98.42	-0.62
601.88	0	98.35	-0.58
602.06	0	98.24	-0.58
602.24	0	98.14	-0.58
602.42	0	98.00	-0.60
602.59	0	97.86	-0.60
602.77	0	97.79	-0.58
602.95	0	97.69	-0.58
603.13	0	97.59	-0.58
603.31	0	97.45	-0.60
603.49	0	97.38	-0.58
603.67	0	97.28	-0.60
603.85	0	97.14	-0.62
604.03	0	97.03	-0.62
604.21	0	96.90	-0.62
604.38	0	96.83	-0.58
604.56	0	96.69	-0.62
604.74	0	96.58	-0.62
604.92	0	96.45	-0.64
605.10	0	96.34	-0.62
605.28	0	96.24	-0.64
605.46	0	96.14	-0.64
605.64	0	96.00	-0.64
605.82	0	95.89	-0.64
606.00	0	95.79	-0.62
606.17	0	95.69	-0.64
606.35	0	95.55	-0.64
606.53	0	95.44	-0.64
606.71	0	95.38	-0.60
606.89	0	95.24	-0.62
607.07	0	95.17	-0.60
607.25	0	95.03	-0.62
607.42	0	94.93	-0.60
607.60	0	94.82	-0.60
607.78	0	94.75	-0.58
607.96	0	94.62	-0.60
608.14	0	94.51	-0.58
608.32	0	94.41	-0.58
608.50	0	94.34	-0.58
608.68	0	94.20	-0.58
608.86	0	94.10	-0.60
609.04	0	93.99	-0.58
609.22	0	93.89	-0.58
609.39	0	93.75	-0.60
609.57	0	93.68	-0.60
609.75	0	93.58	-0.58
609.93	0	93.48	-0.58
610.11	0	93.37	-0.58
610.29	0	93.27	-0.60
610.47	0	93.16	-0.58
610.65	0	93.06	-0.58
610.83	0	92.99	-0.56
611.00	0	92.85	-0.58
611.18	0	92.79	-0.54
611.36	0	92.65	-0.58
611.54	0	92.54	-0.58
611.72	0	92.44	-0.58
611.90	0	92.34	-0.58
612.08	0	92.27	-0.56
612.26	0	92.16	-0.56
612.44	0	92.06	-0.56
612.61	0	91.96	-0.58
612.79	0	91.85	-0.56
612.97	0	91.75	-0.58
613.15	0	91.65	-0.56
613.33	0	91.54	-0.56
613.51	0	91.44	-0.56
613.69	0	91.34	-0.56
613.87	0	91.23	-0.58
614.05	0	91.13	-0.58
614.22	0	91.02	-0.58
614.40	0	90.92	-0.58
614.58	0	90.82	-0.58
614.76	0	90.71	-0.58
614.94	0	90.58	-0.60
615.12	0	90.54	-0.56
615.30	0	90.40	-0.58
615.48	0	90.30	-0.58
615.66	0	90.20	-0.58
615.84	0	90.13	-0.56
616.01	0	90.02	-0.56
616.19	0	89.92	-0.56
616.37	0	89.82	-0.56
616.55	0	89.75	-0.54
616.73	0	89.65	-0.52
616.91	0	89.51	-0.58
617.09	0	89.44	-0.54
617.27	0	89.33	-0.54
617.45	0	89.27	-0.52
617.62	0	89.16	-0.54
617.80	0	89.06	-0.54
617.98	0	88.96	-0.54
618.16	0	88.85	-0.54
618.34	0	88.75	-0.56
618.52	0	88.68	-0.54
618.70	0	88.58	-0.52
618.88	0	88.47	-0.54
619.06	0	88.37	-0.54
619.23	0	88.30	-0.54
619.41	0	88.16	-0.56
619.59	0	88.09	-0.54
619.77	0	87.99	-0.54
619.95	0	87.89	-0.54
620.13	0	87.78	-0.54
620.31	0	87.68	-0.56
620.49	0	87.61	-0.54
620.67	0	87.51	-0.54
620.84	0	87.40	-0.54
621.02	0	87.33	-0.54
621.20	0	87.20	-0.54
621.38	0	87.13	-0.54
621.56	0	87.06	-0.52
621.74	0	86.96	-0.52
621.92	0	86.85	-0.52
622.10	0	86.75	-0.52
622.28	0	86.68	-0.52
622.46	0	86.58	-0.52
622.64	0	86.47	-0.52
622.81	0	86.44	-0.50
622.99	0	86.34	-0.48
623.17	0	86.23	-0.50
623.35	0	86.16	-0.50
623.53	0	86.06	-0.50
623.71	0	85.92	-0.52
623.89	0	85.85	-0.50
624.07	0	85.78	-0.50
624.24	0	85.68	-0.50
624.42	0	85.61	-0.48
624.60	0	85.51	-0.52
624.78	0	85.44	-0.50
624.96	0	85.34	-0.50
625.14	0	85.23	-0.52
625.32	0	85.16	-0.50
625.50	0	85.10	-0.46
625.68	0	84.99	-0.48
625.85	0	84.92	-0.48
626.03	0	84.85	-0.46
626.21	0	84.75	-0.48
626.39	0	84.68	-0.46
626.57	0	84.54	-0.50
626.75	0	84.51	-0.46
626.93	0	84.41	-0.46
627.11	0	84.30	-0.48
627.29	0	84.23	-0.48
627.47	0	84.17	-0.46
627.64	0	84.06	-0.48
627.82	0	83.99	-0.48
628.00	0	83.89	-0.48
628.18	0	83.82	-0.48
628.36	0	83.75	-0.44
628.54	0	83.65	-0.48
628.72	0	83.55	-0.48
628.90	0	83.51	-0.44
629.08	0	83.41	-0.46
629.26	0	83.30	-0.48
629.43	0	83.24	-0.46
629.61	0	83.17	-0.46
629.79	0	83.06	-0.46
629.97	0	82.96	-0.48
630.15	0	82.89	-0.48
630.33	0	82.82	-0.46
630.51	0	82.75	-0.44
630.69	0	82.65	-0.48
630.86	0	82.58	-0.46
631.04	0	82.51	-0.44
631.22	0	82.41	-0.46
631.40	0	82.34	-0.46
631.58	0	82.24	-0.46
631.76	0	82.20	-0.42
631.94	0	82.10	-0.44
632.12	0	82.03	-0.44
632.30	0	81.93	-0.46
632.47	0	81.86	-0.44
632.65	0	81.79	-0.44
632.83	0	81.72	-0.44
633.01	0	81.65	-0.42
633.19	0	81.55	-0.44
633.37	0	81.48	-0.42
633.55	0	81.38	-0.46
633.73	0	81.31	-0.44
633.91	0	81.24	-0.44
634.09	0	81.14	-0.44
634.26	0	81.07	-0.44
634.44	0	81.00	-0.44
634.62	0	80.90	-0.46
634.80	0	80.83	-0.46
634.98	0	80.76	-0.44
635.16	0	80.66	-0.46
635.34	0	80.59	-0.44
635.52	0	80.48	-0.46
635.70	0	80.41	-0.46
635.88	0	80.31	-0.46
636.05	0	80.24	-0.46
636.23	0	80.14	-0.48
636.41	0	80.07	-0.46
636.59	0	80.00	-0.46
636.77	0	79.93	-0.46
636.95	0	79.83	-0.46
637.13	0	79.76	-0.46
637.31	0	79.66	-0.46
637.48	0	79.59	-0.46
637.66	0	79.49	-0.46
637.84	0	79.38	-0.48
638.02	0	79.31	-0.46
638.20	0	79.25	-0.46
638.38	0	79.14	-0.48
638.56	0	79.04	-0.50
638.74	0	78.97	-0.48
638.92	0	78.90	-0.48
639.09	0	78.80	-0.48
639.28	0	78.70	-0.50
639.45	0	78.66	-0.46
639.63	0	78.56	-0.46
639.81	0	78.45	-0.48
639.99	0	78.42	-0.46
640.17	0	78.32	-0.46
640.35	0	78.25	-0.44
640.53	0	78.18	-0.44
640.71	0	78.08	-0.46
640.88	0	78.01	-0.44
641.06	0	77.90	-0.44
641.24	0	77.87	-0.44
641.42	0	77.77	-0.44
641.60	0	77.66	-0.44
641.78	0	77.60	-0.46
641.96	0	77.53	-0.44
642.14	0	77.46	-0.44
642.32	0	77.39	-0.44
642.50	0	77.29	-0.44
642.67	0	77.18	-0.46
642.85	0	77.15	-0.42
643.03	0	77.05	-0.46
643.21	0	76.98	-0.44
643.39	0	76.87	-0.44
643.57	0	76.81	-0.44
643.75	0	76.70	-0.46
643.93	0	76.67	-0.44
644.10	0	76.60	-0.44
644.28	0	76.50	-0.44
644.46	0	76.39	-0.44
644.64	0	76.32	-0.46
644.82	0	76.26	-0.44
645.00	0	76.19	-0.44
645.18	0	76.08	-0.44
645.36	0	76.02	-0.44
645.54	0	75.95	-0.42
645.72	0	75.88	-0.44
645.90	0	75.81	-0.44
646.07	0	75.71	-0.44
646.25	0	75.64	-0.42
646.43	0	75.53	-0.44
646.61	0	75.50	-0.42
646.79	0	75.40	-0.44
646.97	0	75.29	-0.44
647.15	0	75.23	-0.44
647.33	0	75.16	-0.44
647.50	0	75.09	-0.44
647.68	0	74.98	-0.46
647.86	0	74.92	-0.44
648.04	0	74.85	-0.44
648.22	0	74.78	-0.42
648.40	0	74.68	-0.46
648.58	0	74.61	-0.44
648.76	0	74.54	-0.42
648.94	0	74.47	-0.42
649.11	0	74.37	-0.44
649.29	0	74.30	-0.44
649.47	0	74.20	-0.44
649.65	0	74.13	-0.44
649.83	0	74.02	-0.46
650.01	0	73.99	-0.44
650.19	0	73.92	-0.42
650.37	0	73.85	-0.42
650.55	0	73.75	-0.44
650.72	0	73.68	-0.44
650.90	0	73.61	-0.42
651.08	0	73.54	-0.42
651.26	0	73.44	-0.42
651.44	0	73.37	-0.42
651.62	0	73.30	-0.40
651.80	0	73.20	-0.44
651.98	0	73.20	-0.40
652.16	0	73.10	-0.42
652.34	0	73.03	-0.40
652.52	0	72.96	-0.40
652.69	0	72.89	-0.40
652.87	0	72.79	-0.42
653.05	0	72.72	-0.40
653.23	0	72.65	-0.40
653.41	0	72.58	-0.40
653.59	0	72.51	-0.38
653.77	0	72.41	-0.44
653.95	0	72.34	-0.42
654.13	0	72.31	-0.40
654.30	0	72.20	-0.42
654.48	0	72.14	-0.42
654.66	0	72.07	-0.40
654.84	0	72.00	-0.40
655.02	0	71.90	-0.42
655.20	0	71.86	-0.40
655.38	0	71.76	-0.42
655.56	0	71.69	-0.40
655.73	0	71.59	-0.42
655.91	0	71.52	-0.44
656.09	0	71.42	-0.44
656.27	0	71.35	-0.44
656.45	0	71.24	-0.46
656.63	0	71.18	-0.46
656.81	0	71.11	-0.44
656.99	0	71.04	-0.46
657.17	0	70.97	-0.44
657.34	0	70.87	-0.46
657.52	0	70.80	-0.44
657.70	0	70.73	-0.44
657.88	0	70.66	-0.42
658.06	0	70.59	-0.42
658.24	0	70.52	-0.40
658.42	0	70.46	-0.40
658.60	0	70.35	-0.42
658.78	0	70.32	-0.40
658.96	0	70.25	-0.40
659.14	0	70.18	-0.38
659.31	0	70.08	-0.40
659.49	0	69.98	-0.42
659.67	0	69.98	-0.38
659.85	0	69.87	-0.40
660.03	0	69.84	-0.38
660.21	0	69.77	-0.38
660.39	0	69.67	-0.38
660.57	0	69.63	-0.38
660.75	0	69.56	-0.38
660.92	0	69.50	-0.38
661.10	0	69.43	-0.36
661.28	0	69.39	-0.33
661.46	0	69.29	-0.38
661.64	0	69.26	-0.34
661.82	0	69.19	-0.36
662.00	0	69.12	-0.36
662.18	0	69.05	-0.34
662.36	0	68.98	-0.36
662.53	0	68.91	-0.36
662.71	0	68.88	-0.34
662.89	0	68.81	-0.34
663.07	0	68.74	-0.36
663.25	0	68.71	-0.33
663.43	0	68.64	-0.34
663.61	0	68.57	-0.34
663.79	0	68.54	-0.33
663.97	0	68.47	-0.33
664.14	0	68.43	-0.31
664.32	0	68.36	-0.31
664.50	0	68.30	-0.33
664.68	0	68.26	-0.31
664.86	0	68.19	-0.31
665.04	0	68.12	-0.33
665.22	0	68.06	-0.33
665.40	0	68.02	-0.31
665.58	0	67.95	-0.33
665.76	0	67.88	-0.33
665.93	0	67.82	-0.34
666.11	0	67.82	-0.31
666.29	0	67.71	-0.33
666.47	0	67.64	-0.34
666.65	0	67.58	-0.34
666.83	0	67.58	-0.31
667.01	0	67.51	-0.31
667.19	0	67.44	-0.33
667.36	0	67.41	-0.31
667.54	0	67.34	-0.31
667.72	0	67.23	-0.33
667.90	0	67.20	-0.34
668.08	0	67.17	-0.31
668.26	0	67.13	-0.29
668.44	0	67.06	-0.29
668.62	0	67.03	-0.31
668.80	0	66.96	-0.31
668.98	0	66.93	-0.29
669.16	0	66.86	-0.31
669.33	0	66.82	-0.29
669.51	0	66.79	-0.25
669.69	0	66.69	-0.29
669.87	0	66.65	-0.29
670.05	0	66.62	-0.29
670.23	0	66.58	-0.27
670.41	0	66.48	-0.31
670.59	0	66.48	-0.27
670.77	0	66.38	-0.31
670.94	0	66.38	-0.27
671.12	0	66.31	-0.29
671.30	0	66.24	-0.31
671.48	0	66.21	-0.27
671.66	0	66.17	-0.27
671.84	0	66.10	-0.29
672.02	0	66.07	-0.29
672.20	0	66.00	-0.27
672.38	0	65.97	-0.29
672.55	0	65.97	-0.23
672.73	0	65.86	-0.29
672.91	0	65.83	-0.27
673.09	0	65.76	-0.27
673.27	0	65.76	-0.25
673.45	0	65.69	-0.27
673.63	0	65.62	-0.27
673.81	0	65.59	-0.27
673.99	0	65.52	-0.27
674.16	0	65.49	-0.27
674.34	0	65.45	-0.29
674.52	0	65.38	-0.27
674.70	0	65.38	-0.25
674.88	0	65.32	-0.25
675.06	0	65.28	-0.27
675.24	0	65.21	-0.27
675.42	0	65.18	-0.25
675.60	0	65.14	-0.25
675.78	0	65.11	-0.23
675.95	0	65.04	-0.25
676.13	0	64.97	-0.27
676.31	0	64.94	-0.25
676.49	0	64.87	-0.29
676.67	0	64.84	-0.27
676.85	0	64.80	-0.27
677.03	0	64.73	-0.27
677.21	0	64.67	-0.29
677.39	0	64.63	-0.29
677.56	0	64.60	-0.29
677.74	0	64.53	-0.29
677.92	0	64.49	-0.27
678.10	0	64.46	-0.27
678.28	0	64.39	-0.27
678.46	0	64.36	-0.27
678.64	0	64.29	-0.29
678.82	0	64.25	-0.27
679.00	0	64.19	-0.27
679.17	0	64.12	-0.29
679.35	0	64.08	-0.29
679.53	0	64.02	-0.29
679.71	0	63.95	-0.31
679.89	0	63.91	-0.31
680.07	0	63.84	-0.31
680.25	0	63.81	-0.31
680.43	0	63.78	-0.29
680.61	0	63.71	-0.31
680.78	0	63.64	-0.31
680.96	0	63.57	-0.31
681.14	0	63.54	-0.31
681.32	0	63.47	-0.31
681.50	0	63.40	-0.31
681.68	0	63.37	-0.31
681.86	0	63.30	-0.31
682.04	0	63.23	-0.33
682.22	0	63.19	-0.33
682.40	0	63.13	-0.33
682.57	0	63.06	-0.33
682.75	0	63.02	-0.31
682.93	0	62.99	-0.31
683.11	0	62.89	-0.33
683.29	0	62.85	-0.31
683.47	0	62.78	-0.32
683.65	0	62.75	-0.31
683.83	0	62.68	-0.31
684.01	0	62.65	-0.31
684.19	0	62.58	-0.31
684.36	0	62.51	-0.31
684.54	0	62.44	-0.33
684.72	0	62.41	-0.32
684.90	0	62.34	-0.31
685.08	0	62.30	-0.31
685.26	0	62.24	-0.31
685.44	0	62.17	-0.32
685.62	0	62.10	-0.33
685.79	0	62.06	-0.33
685.97	0	62.00	-0.33
686.15	0	61.93	-0.32
686.33	0	61.89	-0.31
686.51	0	61.86	-0.31
686.69	0	61.79	-0.31
686.87	0	61.72	-0.32
687.05	0	61.65	-0.32
687.23	0	61.65	-0.29
687.41	0	61.59	-0.29
687.58	0	61.52	-0.31
687.76	0	61.45	-0.31
687.94	0	61.45	-0.27
688.12	0	61.38	-0.29
688.30	0	61.31	-0.31
688.48	0	61.24	-0.31
688.66	0	61.21	-0.29
688.84	0	61.18	-0.27
689.02	0	61.11	-0.31
689.20	0	61.04	-0.31
689.37	0	61.00	-0.29
689.55	0	60.97	-0.27
689.73	0	60.90	-0.31
689.91	0	60.83	-0.31
690.09	0	60.80	-0.29
690.27	0	60.77	-0.27
690.45	0	60.70	-0.29
690.63	0	60.63	-0.31
690.80	0	60.59	-0.29
690.98	0	60.56	-0.27
691.16	0	60.49	-0.29
691.34	0	60.46	-0.29
691.52	0	60.39	-0.29
691.70	0	60.36	-0.27
691.88	0	60.29	-0.29
692.06	0	60.25	-0.29
692.24	0	60.18	-0.29
692.41	0	60.15	-0.27
692.59	0	60.08	-0.29
692.77	0	60.05	-0.29
692.95	0	59.98	-0.29
693.13	0	59.91	-0.31
693.31	0	59.88	-0.29
693.49	0	59.84	-0.29
693.67	0	59.77	-0.29
693.85	0	59.74	-0.29
694.03	0	59.67	-0.29
694.20	0	59.64	-0.29
694.38	0	59.57	-0.29
694.56	0	59.53	-0.29
694.74	0	59.47	-0.29
694.92	0	59.43	-0.27
695.10	0	59.36	-0.29
695.28	0	59.30	-0.31
695.46	0	59.30	-0.27
695.64	0	59.26	-0.27
695.82	0	59.19	-0.27
695.99	0	59.12	-0.29
696.17	0	59.09	-0.27
696.35	0	59.06	-0.27
696.53	0	58.95	-0.29
696.71	0	58.92	-0.29
696.89	0	58.89	-0.27
697.07	0	58.85	-0.25
697.25	0	58.78	-0.29
697.42	0	58.78	-0.27
697.60	0	58.68	-0.29
697.78	0	58.65	-0.27
697.96	0	58.61	-0.27
698.14	0	58.54	-0.29
698.32	0	58.51	-0.25
698.50	0	58.44	-0.27
698.68	0	58.41	-0.27
698.86	0	58.34	-0.29
699.03	0	58.27	-0.29
699.21	0	58.27	-0.29
699.39	0	58.20	-0.27
699.57	0	58.17	-0.27
699.75	0	58.13	-0.27
699.93	0	58.07	-0.27
700.11	0	58.00	-0.29
700.29	0	57.96	-0.27
